Angle	Area	AreaStd	ImageJ	ImageJStd	Crofton2	Crofton2Std	Crofton4	Crofton4Std
  0.000	10000.000	  0.000	397.657	  0.000	314.159	  0.000	378.113	  0.000
  0.500	10000.031	  0.680	398.576	  0.319	316.847	  0.756	379.451	  0.393
  1.000	10000.031	  0.799	399.882	  0.564	319.535	  0.979	380.771	  0.530
  1.500	10000.006	  1.378	401.234	  0.645	322.172	  1.067	382.047	  0.595
  2.000	10000.023	  1.377	402.573	  0.690	324.823	  1.059	383.315	  0.636
  2.500	9999.946	  1.867	403.911	  0.669	327.497	  0.916	384.576	  0.603
  3.000	9999.943	  2.645	405.126	  0.525	329.982	  0.409	385.719	  0.447
  3.500	10000.008	  1.086	406.399	  0.987	332.572	  0.806	386.923	  0.932
  4.000	9999.980	  0.806	407.579	  1.158	335.100	  1.056	388.040	  1.073
  4.500	10000.011	  1.360	408.805	  1.111	337.640	  1.128	389.196	  1.011
  5.000	9999.944	  1.963	409.958	  0.934	340.121	  0.973	390.282	  0.817
  5.500	10000.004	  2.197	411.041	  0.497	342.539	  0.429	391.302	  0.388
  6.000	9999.981	  3.489	412.137	  0.880	344.969	  0.879	392.340	  0.805
  6.500	10000.138	  1.868	413.199	  1.163	347.380	  1.125	393.348	  1.075
  7.000	9999.980	  1.413	414.251	  1.311	349.774	  1.080	394.325	  1.158
  7.500	10000.069	  1.292	415.181	  0.896	352.075	  0.611	395.211	  0.740
  8.000	9999.985	  0.762	416.143	  0.514	354.409	  0.774	396.115	  0.401
  8.500	9999.993	  0.955	417.051	  0.790	356.674	  1.059	396.965	  0.672
  9.000	9999.993	  1.058	417.996	  0.892	358.991	  0.979	397.854	  0.730
  9.500	9999.877	  6.123	418.834	  0.701	361.203	  0.545	398.652	  0.639
 10.000	10000.052	  3.125	419.665	  1.160	363.412	  1.044	399.441	  1.055
 10.500	9999.965	  1.007	420.453	  1.372	365.593	  1.101	400.181	  1.201
 11.000	9999.969	  1.701	421.192	  0.822	367.716	  0.502	400.877	  0.660
 11.500	9999.987	  0.989	421.931	  0.592	369.820	  0.886	401.574	  0.459
 12.000	10000.034	  0.988	422.661	  0.845	371.987	  1.058	402.267	  0.686
 12.500	10000.044	  1.155	423.337	  0.605	374.062	  0.551	402.909	  0.510
 13.000	9999.963	  3.426	423.912	  1.089	376.036	  1.012	403.450	  0.978
 13.500	10000.032	  0.897	424.667	  1.195	378.160	  0.964	404.137	  1.007
 14.000	10000.181	 12.319	425.147	  0.547	380.098	  0.460	404.600	  0.420
 14.500	9999.909	  1.522	425.712	  0.927	382.054	  1.148	405.126	  0.776
 15.000	9999.920	  0.952	426.203	  1.004	383.975	  0.985	405.593	  0.795
 15.500	9999.931	  0.943	426.702	  0.717	385.880	  0.761	406.052	  0.560
 16.000	10000.004	  0.600	427.128	  0.745	387.751	  0.772	406.466	  0.586
 16.500	9999.998	  0.533	427.542	  0.672	389.573	  0.864	406.855	  0.551
 17.000	9999.950	  1.099	427.849	  1.351	391.332	  1.329	407.141	  1.173
 17.500	9999.996	  0.942	428.362	  1.248	393.238	  1.065	407.609	  1.043
 18.000	10000.105	  1.819	428.599	  0.673	394.911	  0.776	407.846	  0.520
 18.500	10000.043	 11.246	428.869	  0.773	396.643	  0.875	408.097	  0.626
 19.000	9999.935	  1.343	429.112	  1.107	398.345	  0.965	408.325	  0.987
 19.500	9999.980	  0.976	429.332	  1.198	400.013	  0.902	408.531	  0.990
 20.000	10000.505	  4.417	429.582	  0.586	401.687	  0.777	408.741	  0.437
 20.500	10000.056	  1.580	429.762	  1.066	403.313	  1.168	408.900	  0.831
 21.000	10000.029	  1.026	429.828	  0.547	404.835	  0.701	408.984	  0.386
 21.500	10000.021	  1.628	429.852	  0.832	406.315	  0.779	409.016	  0.663
 22.000	10000.022	  1.280	429.956	  0.947	407.887	  1.084	409.100	  0.804
 22.500	10000.016	  1.027	430.063	  1.310	409.422	  1.193	409.186	  1.089
 23.000	9999.987	  1.261	429.981	  0.693	410.846	  0.812	409.136	  0.547
 23.500	10000.018	  0.436	429.937	  0.787	412.237	  0.919	409.089	  0.628
 24.000	9999.963	  1.356	429.847	  1.030	413.586	  0.941	408.975	  0.876
 24.500	9999.986	  1.144	429.725	  1.067	414.935	  1.061	408.875	  0.919
 25.000	9999.959	  2.137	429.641	  1.328	416.321	  1.443	408.781	  1.113
 25.500	9999.896	  1.398	429.437	  0.991	417.568	  1.033	408.580	  0.822
 26.000	10000.059	  2.650	429.265	  0.801	418.865	  0.845	408.417	  0.666
 26.500	10000.200	 24.464	428.963	  1.007	420.048	  1.009	408.134	  0.867
 27.000	9999.796	  4.314	428.696	  0.837	421.255	  0.735	407.887	  0.701
 27.500	9999.970	  2.376	428.436	  1.034	422.404	  1.272	407.620	  0.773
 28.000	9999.991	  1.691	428.132	  0.688	423.611	  0.878	407.329	  0.521
 28.500	10000.007	  1.837	427.788	  0.899	424.720	  0.836	406.991	  0.705
 29.000	9999.962	  1.215	427.303	  1.146	425.700	  1.212	406.538	  0.953
 29.500	10000.009	  0.982	426.896	  0.635	426.795	  0.723	406.156	  0.525
 30.000	9999.968	  1.030	426.441	  0.860	427.778	  0.940	405.718	  0.671
 30.500	9999.995	  0.985	425.993	  0.694	428.776	  0.511	405.271	  0.528
 31.000	9999.997	  2.873	425.436	  0.950	429.699	  1.345	404.750	  0.736
 31.500	9999.990	  0.868	424.888	  1.092	430.646	  1.092	404.241	  0.889
 32.000	9999.999	  6.763	424.225	  0.834	431.443	  0.925	403.617	  0.663
 32.500	9999.961	  1.518	423.693	  0.870	432.362	  0.851	403.090	  0.730
 33.000	10000.074	  1.326	422.961	  0.939	433.153	  1.120	402.407	  0.785
 33.500	10000.029	  2.745	422.273	  1.242	433.896	  1.329	401.759	  1.025
 34.000	9999.974	  1.219	421.570	  0.797	434.672	  0.746	401.089	  0.638
 34.500	9999.788	  2.901	420.768	  0.972	435.335	  1.092	400.335	  0.792
 35.000	9999.916	  4.813	420.010	  0.788	436.009	  0.933	399.597	  0.647
 35.500	10000.058	  2.820	419.227	  1.023	436.732	  1.110	398.858	  0.883
 36.000	10000.016	  1.225	418.384	  0.983	437.335	  0.990	398.054	  0.848
 36.500	9999.995	  0.785	417.464	  1.108	437.885	  1.184	397.183	  0.885
 37.000	9999.996	  0.310	416.566	  0.565	438.460	  0.738	396.331	  0.381
 37.500	10000.007	  1.109	415.644	  0.785	438.986	  0.815	395.458	  0.664
 38.000	9999.917	  1.583	414.702	  1.104	439.482	  1.288	394.550	  0.932
 38.500	9999.977	  1.566	413.588	  1.139	439.848	  1.261	393.504	  0.956
 39.000	10000.054	  1.260	412.604	  0.793	440.318	  0.730	392.564	  0.642
 39.500	10000.005	  0.933	411.531	  0.757	440.699	  0.827	391.549	  0.601
 40.000	10000.012	  0.668	410.474	  0.949	441.092	  1.241	390.531	  0.691
 40.500	10000.029	  0.867	409.278	  0.452	441.359	  0.251	389.421	  0.294
 41.000	10000.040	  0.702	408.156	  0.955	441.667	  1.271	388.334	  0.709
 41.500	10000.006	  1.771	406.911	  0.746	441.890	  0.838	387.172	  0.586
 42.000	10000.036	  4.001	405.704	  0.821	442.102	  0.819	386.017	  0.692
 42.500	9999.971	  1.897	404.509	  1.073	442.360	  1.297	384.878	  0.904
 43.000	10000.077	  0.914	403.084	  0.933	442.377	  1.073	383.552	  0.792
 43.500	9999.998	  3.058	401.851	  0.702	442.566	  0.926	382.361	  0.519
 44.000	9999.877	  5.408	400.503	  0.697	442.643	  0.687	381.071	  0.560
 44.500	10000.040	  7.551	399.123	  0.945	442.713	  1.002	379.786	  0.807
 45.000	10002.636	 48.583	398.700	  1.304	442.790	  1.369	378.495	  1.009
 45.500	9999.880	  7.569	399.387	  0.844	442.679	  0.988	379.753	  0.800
 46.000	9999.706	  5.617	400.777	  0.592	442.633	  0.693	381.071	  0.561
 46.500	10000.089	  3.110	402.121	  0.577	442.533	  0.981	382.345	  0.547
 47.000	10000.012	  0.880	403.450	  0.822	442.432	  1.040	383.606	  0.779
 47.500	10000.109	  1.764	404.784	  0.942	442.344	  1.280	384.870	  0.893
 48.000	10000.063	  4.184	406.002	  0.727	442.126	  0.809	386.025	  0.689
 48.500	10000.054	  1.779	407.189	  0.594	441.846	  0.803	387.150	  0.564
 49.000	9999.986	  0.732	408.414	  0.742	441.629	  1.284	388.312	  0.703
 49.500	10000.076	  0.856	409.583	  0.311	441.358	  0.236	389.420	  0.294
 50.000	9999.970	  0.661	410.704	  0.716	441.021	  1.224	390.483	  0.679
 50.500	9999.968	  0.929	411.825	  0.671	440.688	  0.860	391.546	  0.636
 51.000	10000.007	  1.193	412.901	  0.686	440.324	  0.732	392.565	  0.651
 51.500	9999.974	  1.534	413.906	  1.007	439.867	  1.262	393.518	  0.955
 52.000	10000.041	  1.489	414.938	  0.952	439.449	  1.263	394.496	  0.903
 52.500	10000.068	  1.108	415.902	  0.693	438.923	  0.836	395.410	  0.657
 53.000	9999.997	  0.330	416.861	  0.413	438.420	  0.723	396.320	  0.391
 53.500	10000.027	  0.784	417.809	  0.927	437.944	  1.163	397.218	  0.879
 54.000	9999.934	  1.253	418.636	  0.913	437.300	  1.019	398.003	  0.866
 54.500	10000.072	  2.897	419.444	  0.939	436.625	  1.092	398.768	  0.891
 55.000	9999.893	  4.873	420.351	  0.660	436.061	  0.896	399.628	  0.626
 55.500	10000.132	  2.730	421.150	  0.798	435.398	  1.063	400.386	  0.756
 56.000	10000.038	  1.187	421.912	  0.677	434.702	  0.754	401.109	  0.641
 56.500	9999.992	  2.800	422.580	  1.104	433.874	  1.353	401.742	  1.047
 57.000	10000.045	  1.325	423.335	  0.836	433.196	  1.110	402.458	  0.793
 57.500	10000.053	  1.515	424.008	  0.813	432.371	  0.903	403.095	  0.771
 58.000	9999.861	  6.776	424.575	  0.679	431.455	  0.878	403.633	  0.644
 58.500	10000.007	  0.848	425.183	  0.939	430.606	  1.101	404.210	  0.890
 59.000	9999.973	  2.908	425.734	  0.791	429.660	  1.393	404.732	  0.750
 59.500	9999.993	  0.984	426.291	  0.554	428.783	  0.515	405.260	  0.525
 60.000	9999.965	  1.002	426.793	  0.716	427.805	  0.947	405.736	  0.679
 60.500	10000.002	  1.050	427.246	  0.570	426.759	  0.738	406.165	  0.540
 61.000	9999.983	  1.198	427.646	  1.016	425.700	  1.222	406.544	  0.963
 61.500	9999.974	  1.918	428.049	  0.734	424.648	  0.844	406.927	  0.696
 62.000	10000.007	  1.687	428.444	  0.551	423.561	  0.881	407.301	  0.522
 62.500	10000.092	  2.421	428.788	  0.803	422.434	  1.225	407.627	  0.761
 63.000	9999.976	  4.092	429.098	  0.728	421.270	  0.726	407.921	  0.691
 63.500	10000.821	 24.697	429.404	  0.917	420.105	  1.013	408.211	  0.870
 64.000	10000.077	  2.626	429.643	  0.705	418.883	  0.863	408.438	  0.668
 64.500	9999.955	  1.385	429.780	  0.886	417.569	  1.044	408.568	  0.840
 65.000	10000.169	  2.080	430.020	  1.152	416.330	  1.430	408.796	  1.092
 65.500	9999.981	  1.125	430.158	  0.943	415.014	  0.996	408.926	  0.894
 66.000	10000.042	  1.395	430.253	  0.868	413.621	  0.896	409.016	  0.823
 66.500	10000.004	  0.488	430.290	  0.635	412.194	  0.886	409.051	  0.602
 67.000	10000.028	  1.231	430.347	  0.540	410.785	  0.795	409.105	  0.512
 67.500	9999.982	  1.003	430.374	  1.160	409.343	  1.189	409.131	  1.099
 68.000	10000.008	  1.239	430.375	  0.859	407.925	  1.105	409.132	  0.814
 68.500	10000.032	  1.510	430.326	  0.682	406.403	  0.782	409.086	  0.647
 69.000	10000.026	  1.016	430.224	  0.407	404.848	  0.694	408.988	  0.386
 69.500	9999.948	  1.614	430.119	  0.886	403.280	  1.191	408.889	  0.840
 70.000	10000.201	  4.462	429.944	  0.505	401.640	  0.827	408.724	  0.478
 70.500	10000.049	  0.991	429.785	  1.041	400.035	  0.910	408.572	  0.987
 71.000	9999.996	  1.336	429.539	  1.029	398.346	  0.949	408.339	  0.976
 71.500	10000.034	 10.901	429.339	  0.679	396.706	  0.888	408.150	  0.644
 72.000	9999.956	  1.811	429.011	  0.539	394.925	  0.775	407.839	  0.511
 72.500	9999.982	  0.923	428.650	  1.032	393.137	  0.978	407.496	  0.978
 73.000	10000.037	  1.080	428.376	  1.246	391.420	  1.331	407.237	  1.181
 73.500	9999.975	  0.565	427.955	  0.610	389.561	  0.908	406.837	  0.579
 74.000	10000.000	  0.602	427.569	  0.629	387.740	  0.764	406.472	  0.596
 74.500	10000.026	  0.978	427.114	  0.596	385.855	  0.772	406.040	  0.565
 75.000	9999.948	  0.912	426.640	  0.842	383.965	  0.989	405.591	  0.798
 75.500	9999.986	  1.529	426.143	  0.809	382.057	  1.123	405.119	  0.767
 76.000	9999.719	 11.910	425.614	  0.443	380.086	  0.464	404.618	  0.420
 76.500	9999.988	  0.871	424.991	  1.061	378.059	  0.958	404.027	  1.006
 77.000	9999.989	  3.392	424.446	  1.013	376.129	  1.008	403.511	  0.960
 77.500	10000.005	  1.204	423.773	  0.513	374.029	  0.509	402.873	  0.487
 78.000	9999.990	  1.010	423.147	  0.722	371.994	  1.052	402.279	  0.684
 78.500	9999.989	  1.010	422.416	  0.455	369.868	  0.821	401.587	  0.432
 79.000	10000.077	  1.686	421.738	  0.826	367.767	  0.636	400.943	  0.783
 79.500	10000.001	  1.009	420.954	  1.303	365.604	  1.130	400.200	  1.236
 80.000	10000.073	  3.155	420.138	  1.175	363.390	  1.087	399.427	  1.114
 80.500	10000.048	  6.418	419.324	  0.661	361.208	  0.535	398.655	  0.627
 81.000	10000.007	  1.102	418.491	  0.747	358.990	  0.949	397.865	  0.708
 81.500	10000.003	  0.990	417.581	  0.683	356.701	  1.023	397.002	  0.647
 82.000	10000.010	  0.757	416.637	  0.431	354.381	  0.787	396.107	  0.409
 82.500	10000.030	  1.319	415.681	  0.767	352.074	  0.597	395.201	  0.727
 83.000	9999.919	  1.417	414.680	  1.164	349.705	  1.027	394.252	  1.104
 83.500	10000.024	  1.827	413.687	  1.161	347.336	  1.134	393.311	  1.100
 84.000	9999.985	  3.530	412.642	  0.859	344.955	  0.893	392.320	  0.814
 84.500	10000.022	  2.170	411.559	  0.392	342.528	  0.405	391.293	  0.371
 85.000	9999.997	  2.041	410.467	  0.870	340.085	  0.981	390.257	  0.825
 85.500	9999.982	  1.441	409.272	  1.066	337.563	  1.143	389.125	  1.011
 86.000	9999.968	  0.838	408.122	  1.135	335.084	  1.077	388.034	  1.076
 86.500	9999.999	  1.144	406.913	  1.016	332.539	  0.831	386.889	  0.963
 87.000	10000.166	  2.624	405.716	  0.483	330.004	  0.443	385.753	  0.458
 87.500	10000.034	  1.822	404.404	  0.622	327.385	  0.877	384.510	  0.589
 88.000	10000.047	  1.421	403.123	  0.652	324.773	  1.061	383.296	  0.618
 88.500	9999.956	  1.336	401.837	  0.654	322.225	  1.101	382.076	  0.620
 89.000	9999.964	  0.840	400.475	  0.583	319.571	  1.012	380.785	  0.552
 89.500	9999.982	  0.700	399.070	  0.421	316.856	  0.758	379.453	  0.399
 90.000	10000.000	  0.000	397.657	  0.000	314.159	  0.000	378.113	  0.000
 90.500	9999.981	  0.697	398.588	  0.316	316.872	  0.758	379.461	  0.402
 91.000	9999.983	  0.808	399.872	  0.592	319.530	  1.013	380.759	  0.554
 91.500	10000.004	  1.348	401.252	  0.639	322.206	  1.052	382.067	  0.596
 92.000	10000.027	  1.408	402.550	  0.723	324.786	  1.077	383.286	  0.656
 92.500	9999.965	  1.883	403.850	  0.668	327.409	  0.900	384.521	  0.602
 93.000	9999.847	  2.716	405.107	  0.525	329.990	  0.421	385.702	  0.470
 93.500	10000.002	  1.154	406.367	  1.020	332.550	  0.827	386.899	  0.962
 94.000	9999.960	  0.834	407.617	  1.174	335.101	  1.104	388.075	  1.088
 94.500	9999.970	  1.377	408.784	  1.134	337.608	  1.151	389.167	  1.025
 95.000	10000.010	  1.987	409.940	  0.953	340.107	  0.998	390.268	  0.837
 95.500	10000.004	  2.261	411.016	  0.449	342.511	  0.380	391.281	  0.353
 96.000	9999.912	  3.412	412.125	  0.870	344.961	  0.872	392.318	  0.792
 96.500	10000.060	  1.771	413.166	  1.167	347.344	  1.114	393.309	  1.070
 97.000	10000.026	  1.420	414.169	  1.279	349.708	  1.058	394.255	  1.136
 97.500	9999.927	  1.301	415.185	  0.918	352.066	  0.610	395.202	  0.743
 98.000	10000.003	  0.741	416.129	  0.495	354.397	  0.796	396.109	  0.391
 98.500	9999.950	  0.982	417.107	  0.770	356.737	  1.048	397.022	  0.652
 99.000	9999.978	  1.060	417.955	  0.843	358.951	  0.919	397.827	  0.698
 99.500	9999.856	  6.159	418.800	  0.705	361.179	  0.557	398.623	  0.638
100.000	9999.845	  2.994	419.672	  1.199	363.432	  1.073	399.448	  1.099
100.500	9999.962	  0.990	420.440	  1.390	365.567	  1.114	400.166	  1.218
101.000	10000.023	  1.712	421.199	  0.826	367.716	  0.502	400.878	  0.658
101.500	9999.978	  0.980	421.947	  0.566	369.839	  0.839	401.586	  0.432
102.000	10000.039	  1.010	422.633	  0.840	371.928	  1.060	402.250	  0.696
102.500	9999.979	  1.280	423.322	  0.605	374.057	  0.541	402.880	  0.514
103.000	10000.051	  3.544	423.997	  1.059	376.104	  0.979	403.509	  0.935
103.500	9999.998	  0.865	424.575	  1.169	378.114	  0.966	404.074	  0.999
104.000	9999.957	 12.208	425.169	  0.548	380.103	  0.441	404.608	  0.415
104.500	9999.940	  1.485	425.693	  0.934	382.029	  1.155	405.112	  0.784
105.000	10000.009	  0.966	426.241	  1.047	384.003	  1.029	405.626	  0.830
105.500	9999.979	  0.882	426.716	  0.704	385.891	  0.754	406.067	  0.547
106.000	10000.008	  0.588	427.179	  0.733	387.786	  0.753	406.499	  0.568
106.500	9999.971	  0.548	427.518	  0.699	389.526	  0.891	406.826	  0.563
107.000	10000.032	  1.093	427.922	  1.362	391.378	  1.346	407.214	  1.187
107.500	10000.015	  0.929	428.301	  1.244	393.199	  1.036	407.556	  1.029
108.000	9999.902	  1.720	428.594	  0.648	394.952	  0.782	407.835	  0.498
108.500	9999.961	 10.948	428.837	  0.756	396.596	  0.866	408.084	  0.625
109.000	9999.921	  1.335	429.111	  1.090	398.340	  0.948	408.321	  0.965
109.500	10000.020	  0.947	429.373	  1.238	400.049	  0.938	408.563	  1.028
110.000	9999.962	  4.484	429.558	  0.578	401.651	  0.774	408.734	  0.422
110.500	9999.965	  1.609	429.697	  1.037	403.244	  1.151	408.861	  0.819
111.000	9999.988	  1.000	429.838	  0.541	404.855	  0.690	408.988	  0.385
111.500	9999.990	  1.629	429.915	  0.820	406.378	  0.781	409.058	  0.649
112.000	9999.994	  1.226	430.007	  1.009	407.928	  1.135	409.132	  0.849
112.500	10000.026	  1.048	429.976	  1.331	409.359	  1.175	409.117	  1.106
113.000	10000.032	  1.189	429.988	  0.681	410.804	  0.810	409.126	  0.540
113.500	10000.012	  0.484	429.963	  0.782	412.254	  0.937	409.092	  0.616
114.000	9999.992	  1.369	429.894	  0.983	413.627	  0.898	409.012	  0.828
114.500	10000.012	  1.147	429.798	  1.098	414.968	  1.079	408.919	  0.940
115.000	9999.973	  2.149	429.614	  1.291	416.267	  1.428	408.759	  1.080
115.500	9999.943	  1.425	429.429	  0.984	417.569	  1.022	408.582	  0.819
116.000	9999.948	  2.604	429.234	  0.804	418.828	  0.835	408.391	  0.662
116.500	10000.795	 23.892	429.025	  1.002	420.102	  1.012	408.192	  0.854
117.000	9999.806	  4.266	428.776	  0.843	421.327	  0.734	407.956	  0.708
117.500	10000.206	  2.327	428.448	  1.017	422.455	  1.243	407.633	  0.766
118.000	9999.973	  1.765	428.139	  0.674	423.623	  0.874	407.332	  0.515
118.500	10000.024	  1.868	427.688	  0.878	424.624	  0.839	406.917	  0.693
119.000	9999.994	  1.229	427.298	  1.126	425.717	  1.199	406.552	  0.942
119.500	10000.024	  1.030	426.954	  0.643	426.831	  0.706	406.203	  0.539
120.000	9999.955	  1.044	426.427	  0.891	427.778	  0.991	405.706	  0.710
120.500	9999.986	  1.011	425.917	  0.744	428.741	  0.535	405.225	  0.573
121.000	9999.933	  2.934	425.397	  0.949	429.660	  1.346	404.719	  0.734
121.500	9999.969	  0.868	424.848	  1.112	430.599	  1.120	404.198	  0.913
122.000	9999.704	  6.746	424.287	  0.795	431.523	  0.894	403.658	  0.632
122.500	9999.972	  1.506	423.647	  0.909	432.341	  0.901	403.062	  0.761
123.000	10000.087	  1.335	423.015	  0.939	433.175	  1.114	402.451	  0.791
123.500	9999.946	  2.836	422.277	  1.258	433.884	  1.349	401.749	  1.044
124.000	9999.955	  1.221	421.588	  0.789	434.699	  0.739	401.098	  0.630
124.500	10000.112	  2.802	420.822	  0.936	435.389	  1.044	400.367	  0.773
125.000	10000.120	  4.745	420.037	  0.758	436.055	  0.894	399.630	  0.636
125.500	10000.024	  2.860	419.239	  1.000	436.746	  1.067	398.883	  0.859
126.000	9999.981	  1.214	418.380	  0.984	437.354	  0.954	398.063	  0.842
126.500	9999.972	  0.816	417.400	  1.083	437.819	  1.157	397.134	  0.862
127.000	9999.990	  0.319	416.572	  0.580	438.450	  0.751	396.328	  0.400
127.500	10000.007	  1.074	415.618	  0.785	438.968	  0.826	395.431	  0.647
128.000	10000.015	  1.559	414.688	  1.083	439.528	  1.268	394.537	  0.918
128.500	10000.004	  1.567	413.594	  1.158	439.834	  1.299	393.506	  0.979
129.000	9999.951	  1.233	412.592	  0.812	440.299	  0.722	392.544	  0.646
129.500	9999.961	  0.933	411.524	  0.791	440.677	  0.852	391.537	  0.627
130.000	10000.034	  0.638	410.435	  0.942	441.070	  1.243	390.508	  0.678
130.500	10000.008	  0.881	409.302	  0.415	441.378	  0.185	389.441	  0.253
131.000	9999.980	  0.731	408.124	  0.940	441.647	  1.252	388.307	  0.699
131.500	10000.045	  1.827	406.928	  0.765	441.885	  0.859	387.182	  0.613
132.000	10000.053	  4.138	405.738	  0.827	442.137	  0.806	386.043	  0.688
132.500	10000.012	  1.824	404.450	  1.125	442.281	  1.348	384.832	  0.937
133.000	9999.961	  0.868	403.179	  0.966	442.468	  1.107	383.633	  0.824
133.500	10000.169	  3.054	401.821	  0.701	442.528	  0.949	382.336	  0.518
134.000	9999.957	  5.538	400.478	  0.699	442.630	  0.692	381.077	  0.561
134.500	10000.293	  7.543	399.151	  0.939	442.737	  0.994	379.815	  0.796
135.000	10002.050	 50.242	398.618	  1.431	442.688	  1.498	378.440	  1.092
135.500	10000.314	  7.774	399.423	  0.853	442.712	  1.003	379.787	  0.809
136.000	9999.959	  5.786	400.780	  0.592	442.655	  0.678	381.074	  0.562
136.500	10000.039	  3.091	402.147	  0.534	442.581	  0.898	382.370	  0.506
137.000	10000.027	  0.906	403.433	  0.874	442.413	  1.115	383.589	  0.828
137.500	10000.045	  1.838	404.780	  0.973	442.371	  1.325	384.866	  0.923
138.000	10000.188	  4.102	406.017	  0.712	442.121	  0.818	386.039	  0.675
138.500	10000.002	  1.791	407.241	  0.622	441.901	  0.836	387.199	  0.589
139.000	10000.019	  0.691	408.398	  0.743	441.581	  1.281	388.296	  0.705
139.500	10000.008	  0.838	409.602	  0.253	441.384	  0.172	389.437	  0.240
140.000	9999.991	  0.644	410.731	  0.713	441.061	  1.200	390.508	  0.676
140.500	9999.964	  0.955	411.823	  0.661	440.682	  0.849	391.543	  0.627
141.000	10000.038	  1.235	412.886	  0.673	440.302	  0.724	392.551	  0.638
141.500	9999.990	  1.551	413.916	  1.025	439.862	  1.287	393.528	  0.972
142.000	10000.014	  1.627	414.980	  1.003	439.470	  1.317	394.537	  0.951
142.500	10000.107	  1.136	415.977	  0.688	439.009	  0.840	395.482	  0.652
143.000	9999.989	  0.330	416.850	  0.429	438.419	  0.745	396.309	  0.407
143.500	9999.982	  0.799	417.802	  0.940	437.903	  1.200	397.212	  0.892
144.000	9999.945	  1.220	418.638	  0.928	437.272	  1.031	398.005	  0.879
144.500	10000.035	  2.964	419.502	  0.916	436.689	  1.074	398.823	  0.868
145.000	9999.965	  4.779	420.301	  0.688	436.009	  0.939	399.581	  0.652
145.500	10000.014	  2.715	421.113	  0.810	435.363	  1.046	400.351	  0.768
146.000	9999.988	  1.206	421.905	  0.683	434.661	  0.757	401.102	  0.647
146.500	9999.958	  2.826	422.529	  1.035	433.812	  1.272	401.694	  0.981
147.000	9999.977	  1.377	423.307	  0.807	433.157	  1.089	402.431	  0.765
147.500	9999.988	  1.508	423.953	  0.782	432.324	  0.859	403.043	  0.741
148.000	10000.147	  6.917	424.598	  0.688	431.490	  0.922	403.654	  0.652
148.500	10000.022	  0.808	425.133	  0.879	430.558	  1.028	404.162	  0.834
149.000	10000.013	  2.925	425.753	  0.797	429.712	  1.343	404.750	  0.755
149.500	9999.994	  1.004	426.278	  0.591	428.758	  0.535	405.248	  0.560
150.000	10000.007	  1.012	426.804	  0.716	427.828	  0.945	405.746	  0.679
150.500	10000.039	  1.033	427.255	  0.559	426.820	  0.708	406.174	  0.530
151.000	10000.067	  1.187	427.710	  1.010	425.788	  1.196	406.605	  0.958
151.500	9999.959	  1.845	428.055	  0.745	424.629	  0.858	406.933	  0.706
152.000	9999.910	  1.732	428.475	  0.580	423.611	  0.908	407.331	  0.550
152.500	10000.110	  2.309	428.719	  0.796	422.326	  1.229	407.562	  0.755
153.000	9999.939	  4.322	429.077	  0.728	421.269	  0.725	407.901	  0.691
153.500	10000.070	 23.701	429.324	  0.883	420.036	  0.990	408.135	  0.837
154.000	10000.213	  2.623	429.653	  0.702	418.894	  0.859	408.447	  0.666
154.500	9999.969	  1.402	429.774	  0.872	417.540	  1.044	408.562	  0.827
155.000	9999.961	  2.229	429.971	  1.187	416.283	  1.449	408.749	  1.125
155.500	9999.970	  1.132	430.146	  0.931	415.006	  0.970	408.915	  0.883
156.000	10000.003	  1.323	430.241	  0.911	413.616	  0.930	409.005	  0.864
156.500	10000.001	  0.457	430.302	  0.639	412.186	  0.879	409.063	  0.606
157.000	9999.967	  1.245	430.377	  0.545	410.845	  0.800	409.134	  0.516
157.500	10000.014	  1.042	430.412	  1.175	409.395	  1.206	409.167	  1.114
158.000	9999.968	  1.254	430.370	  0.837	407.897	  1.079	409.127	  0.794
158.500	9999.937	  1.666	430.312	  0.673	406.400	  0.777	409.072	  0.638
159.000	10000.021	  1.034	430.212	  0.419	404.822	  0.707	408.977	  0.397
159.500	10000.076	  1.579	430.059	  0.876	403.219	  1.165	408.832	  0.831
160.000	9999.991	  4.306	429.932	  0.483	401.631	  0.810	408.712	  0.458
160.500	9999.986	  0.957	429.725	  1.049	399.984	  0.912	408.516	  0.995
161.000	10000.008	  1.357	429.506	  1.020	398.310	  0.947	408.308	  0.967
161.500	10000.404	 11.032	429.285	  0.691	396.673	  0.910	408.098	  0.655
162.000	9999.995	  1.712	429.053	  0.568	394.994	  0.796	407.879	  0.538
162.500	10000.000	  0.889	428.731	  1.122	393.213	  1.075	407.573	  1.064
163.000	10000.015	  1.087	428.382	  1.230	391.424	  1.317	407.242	  1.166
163.500	10000.026	  0.549	427.989	  0.586	389.594	  0.876	406.870	  0.556
164.000	9999.976	  0.603	427.559	  0.630	387.729	  0.765	406.462	  0.597
164.500	9999.949	  0.988	427.109	  0.607	385.874	  0.770	406.035	  0.575
165.000	9999.980	  0.915	426.712	  0.862	384.049	  1.018	405.659	  0.818
165.500	9999.982	  1.558	426.168	  0.830	382.082	  1.143	405.143	  0.787
166.000	9999.780	 12.373	425.619	  0.447	380.117	  0.427	404.623	  0.424
166.500	9999.985	  0.886	425.020	  1.060	378.083	  0.959	404.055	  1.005
167.000	10000.025	  3.406	424.440	  0.997	376.086	  0.989	403.505	  0.945
167.500	9999.995	  1.203	423.779	  0.525	374.041	  0.533	402.879	  0.497
168.000	10000.012	  0.988	423.132	  0.708	371.988	  1.039	402.265	  0.671
168.500	10000.025	  0.980	422.412	  0.466	369.819	  0.860	401.582	  0.442
169.000	9999.993	  1.708	421.708	  0.793	367.763	  0.615	400.915	  0.752
169.500	9999.984	  0.985	420.905	  1.292	365.568	  1.129	400.153	  1.225
170.000	9999.927	  2.975	420.102	  1.184	363.372	  1.090	399.392	  1.122
170.500	10000.138	  6.300	419.302	  0.661	361.200	  0.549	398.634	  0.627
171.000	9999.981	  1.070	418.432	  0.742	358.930	  0.935	397.809	  0.704
171.500	9999.981	  0.980	417.564	  0.696	356.685	  1.056	396.986	  0.660
172.000	10000.047	  0.770	416.641	  0.403	354.403	  0.776	396.111	  0.382
172.500	9999.994	  1.348	415.666	  0.766	352.066	  0.598	395.187	  0.726
173.000	9999.985	  1.393	414.712	  1.213	349.741	  1.078	394.282	  1.150
173.500	9999.962	  1.800	413.685	  1.088	347.345	  1.072	393.308	  1.032
174.000	9999.988	  3.533	412.649	  0.865	344.980	  0.894	392.327	  0.820
174.500	10000.105	  2.230	411.550	  0.369	342.511	  0.367	391.285	  0.350
175.000	9999.994	  2.105	410.431	  0.852	340.057	  0.961	390.224	  0.807
175.500	9999.943	  1.382	409.343	  1.041	337.624	  1.114	389.192	  0.987
176.000	10000.086	  0.777	408.028	  1.175	334.993	  1.120	387.946	  1.114
176.500	9999.982	  1.120	406.934	  1.020	332.558	  0.830	386.909	  0.967
177.000	9999.864	  2.705	405.720	  0.512	330.038	  0.490	385.758	  0.485
177.500	9999.958	  1.795	404.439	  0.635	327.432	  0.897	384.543	  0.602
178.000	9999.977	  1.370	403.172	  0.642	324.866	  1.033	383.341	  0.609
178.500	10000.038	  1.342	401.810	  0.645	322.194	  1.063	382.051	  0.611
179.000	9999.979	  0.811	400.486	  0.554	319.577	  0.983	380.795	  0.525
179.500	10000.005	  0.690	399.085	  0.407	316.880	  0.741	379.467	  0.386
180.000	10000.000	  0.000	397.657	  0.000	314.159	  0.000	378.113	  0.000
