BoundaryC8   Crofton2   Crofton4   Matlab   MatlabPi
3.18129 -2.31759 -0.63398 -2.06021 -0.251272
4.29899 4.91815 0.425669 -1.57826 0.230674
3.91376 -4.12652 0.0604399 -1.81319 -0.00425289
3.09945 -5.03099 -0.711571 -2.36077 -0.55184
4.29899 4.91815 0.425669 -1.26387 0.545062
3.48469 4.01368 -0.346342 -1.75906 0.0498724
5.03146 3.10921 1.12009 -1.38364 0.425295
3.51859 -2.31759 -0.314203 -1.9508 -0.141869
3.68227 3.10921 -0.159021 -1.50686 0.302073
2.42486 -5.03099 -1.35113 -2.16039 -0.351461
3.20526 2.20475 -0.611254 -2.04984 -0.240907
3.34498 3.10921 -0.478798 -1.56386 0.245069
4.01957 3.10921 0.160757 -2.13103 -0.322095
2.72825 1.30028 -1.06349 -1.96405 -0.155113
4.86778 -2.31759 0.964907 -1.56559 0.243342
3.23916 -4.12652 -0.579115 -1.35082 0.458116
3.77404 -5.03099 -0.0720162 -1.4084 0.400536
4.27502 0.395814 0.402943 -1.85061 -0.04168
2.56457 -4.12652 -1.21867 -2.146 -0.337066
2.39096 1.30028 -1.38326 -2.28304 -0.474107
4.47261 -0.508653 0.590264 -1.9128 -0.103867
3.09945 -5.03099 -0.711571 -1.88919 -0.0802587
3.57646 -4.12652 -0.259337 -1.34621 0.462722
4.01957 3.10921 0.160757 -2.07863 -0.269697
3.57646 -4.12652 -0.259337 -2.44657 -0.637634
3.57646 -4.12652 -0.259337 -2.55136 -0.74243
2.86797 2.20475 -0.931031 -1.89725 -0.0883199
4.01957 3.10921 0.160757 -1.92144 -0.112504
4.15928 4.01368 0.293213 -1.59265 0.216279
3.23916 -4.12652 -0.579115 -1.50801 0.300922
3.43675 -5.03099 -0.391794 -1.4654 0.343531
3.20526 2.20475 -0.611254 -1.52586 0.283072
3.9617 4.91815 0.105892 -0.954091 0.854843
3.09945 -5.03099 -0.711571 -1.94159 -0.132657
3.48469 4.01368 -0.346342 -2.02105 -0.212117
3.48469 4.01368 -0.346342 -1.49707 0.311862
3.57646 -4.12652 -0.259337 -1.39861 0.410324
4.8099 -0.508653 0.910042 -1.33182 0.477117
2.08756 -5.03099 -1.6709 -2.2698 -0.460863
3.82199 4.01368 -0.0265645 -1.85925 -0.050317
4.69416 3.10921 0.800311 -1.49304 0.315893
5.22904 2.20475 1.30741 -1.34103 0.467904
4.55445 2.20475 0.667855 -1.87422 -0.0652878
4.69416 3.10921 0.800311 -1.65023 0.158699
3.48469 4.01368 -0.346342 -2.17824 -0.369311
2.67038 3.10921 -1.11835 -1.67787 0.13106
3.57646 -4.12652 -0.259337 -2.28937 -0.480441
4.13531 -0.508653 0.270487 -1.55062 0.258313
5.03146 3.10921 1.12009 -1.43604 0.372897
4.69416 3.10921 0.800311 -1.59784 0.211097
4.89175 2.20475 0.987633 -1.76482 0.0441144
2.86797 2.20475 -0.931031 -1.89725 -0.0883199
2.56457 -4.12652 -1.21867 -1.93641 -0.127474
3.82199 4.01368 -0.0265645 -1.70206 0.106877
3.26313 0.395814 -0.556389 -2.28362 -0.474683
2.86797 2.20475 -0.931031 -1.89725 -0.0883199
3.71617 -3.22205 -0.126881 -1.22702 0.581913
3.18129 -2.31759 -0.63398 -1.95541 -0.146476
3.91376 -4.12652 0.0604399 -1.65599 0.152941
4.29899 4.91815 0.425669 -1.05428 0.754653
3.82199 4.01368 -0.0265645 -1.75445 0.0544789
4.41474 1.30028 0.535399 -1.99341 -0.184479
2.28514 -5.93545 -1.48358 -2.54158 -0.732642
1.75026 -5.03099 -1.99068 -2.64119 -0.832255
4.94962 0.395814 1.0425 -1.42222 0.386716
4.13531 -0.508653 0.270487 -1.91741 -0.108473
4.8099 -0.508653 0.910042 -1.59381 0.215127
3.6583 -1.41312 -0.181746 -1.41243 0.396505
4.75203 1.30028 0.855176 -1.09804 0.710893
4.07744 1.30028 0.215622 -1.57884 0.230098
3.14739 4.01368 -0.666119 -1.34448 0.464449
5.17117 4.01368 1.25254 -1.21205 0.596884
4.05347 -3.22205 0.192896 -1.5892 0.219734
4.75203 1.30028 0.855176 -1.41243 0.396505
3.43675 -5.03099 -0.391794 -1.25581 0.553123
3.57646 -4.12652 -0.259337 -1.6606 0.148334
3.91376 -4.12652 0.0604399 -1.5512 0.257737
3.23916 -4.12652 -0.579115 -1.35082 0.458116
4.86778 -2.31759 0.964907 -1.56559 0.243342
2.86797 2.20475 -0.931031 -1.94965 -0.140718
2.53067 2.20475 -1.25081 -1.95426 -0.145324
3.37888 -3.22205 -0.446659 -1.54601 0.262919
3.06555 1.30028 -0.74371 -1.90704 -0.0981085
3.57646 -4.12652 -0.259337 -1.45101 0.357926
4.41474 1.30028 0.535399 -1.62663 0.182307
3.79801 -0.508653 -0.0492904 -2.02681 -0.217875
4.89175 2.20475 0.987633 -1.39803 0.4109
3.82199 4.01368 -0.0265645 -2.17364 -0.364705
3.43675 -5.03099 -0.391794 -2.19897 -0.39004
2.67038 3.10921 -1.11835 -1.73027 0.0786625
4.25105 -4.12652 0.380217 -1.12741 0.681527
2.76215 -5.03099 -1.03135 -1.63181 0.177125
4.19318 -2.31759 0.325352 -2.04639 -0.237452
3.321 -1.41312 -0.501524 -2.46499 -0.65606
5.08933 1.30028 1.17495 -1.04104 0.767897
3.12342 -0.508653 -0.688845 -2.24561 -0.43668
3.68227 3.10921 -0.159021 -2.24043 -0.431498
3.82199 4.01368 -0.0265645 -1.85925 -0.050317
4.07744 1.30028 0.215622 -1.78843 0.0205066
3.9956 -1.41312 0.138031 -1.51262 0.296315
4.13531 -0.508653 0.270487 -1.70781 0.101119
3.43675 -5.03099 -0.391794 -1.5178 0.291133
1.61055 -5.93545 -2.12314 -2.44599 -0.637059
4.53048 -2.31759 0.645129 -1.4654 0.343531
5.08933 1.30028 1.17495 -1.04104 0.767897
3.46072 -0.508653 -0.369068 -2.18861 -0.379675
3.57646 -4.12652 -0.259337 -1.81779 -0.0088593
3.57646 -4.12652 -0.259337 -1.29381 0.51512
4.19318 -2.31759 0.325352 -0.736438 1.0725
3.26313 0.395814 -0.556389 -2.02163 -0.212693
2.72825 1.30028 -1.06349 -1.85925 -0.050317
5.22904 2.20475 1.30741 -1.18384 0.625098
2.844 -2.31759 -0.953757 -1.90762 -0.0986843
4.83388 4.01368 0.932767 -1.37385 0.435084
3.34498 3.10921 -0.478798 -1.56386 0.245069
3.91376 -4.12652 0.0604399 -1.4988 0.310135
2.19337 2.20475 -1.57059 -2.11606 -0.307124
3.43675 -5.03099 -0.391794 -1.83219 -0.0232543
3.54256 2.20475 -0.291477 -1.36406 0.444872
3.57646 -4.12652 -0.259337 -1.5558 0.25313
2.39096 1.30028 -1.38326 -2.07345 -0.264515
3.9956 -1.41312 0.138031 -1.35542 0.453509
3.14739 4.01368 -0.666119 -1.50168 0.307256
3.34498 3.10921 -0.478798 -2.08784 -0.27891
4.19318 -2.31759 0.325352 -1.99399 -0.185055
3.26313 0.395814 -0.556389 -2.12642 -0.317489
3.48469 4.01368 -0.346342 -1.96865 -0.159719
4.69416 3.10921 0.800311 -1.70263 0.106301
4.53048 -2.31759 0.645129 -1.72739 0.0815415
3.40285 1.30028 -0.423933 -1.74524 0.0636917
4.55445 2.20475 0.667855 -1.03585 0.773079
2.56457 -4.12652 -1.21867 -2.146 -0.337066
3.9956 -1.41312 0.138031 -1.8794 -0.0704701
4.63629 4.91815 0.745446 -1.31166 0.49727
3.91376 -4.12652 0.0604399 -1.70839 0.100543
4.27502 0.395814 0.402943 -1.64102 0.167912
2.19337 2.20475 -1.57059 -2.22085 -0.41192
5.00749 -1.41312 1.09736 -1.394 0.414931
3.9617 4.91815 0.105892 -1.42567 0.383261
3.20526 2.20475 -0.611254 -1.57826 0.230674
3.68227 3.10921 -0.159021 -1.92604 -0.11711
3.60043 0.395814 -0.236612 -1.70263 0.106301
3.82199 4.01368 -0.0265645 -1.85925 -0.050317
2.76215 -5.03099 -1.03135 -1.99859 -0.189661
3.00768 3.10921 -0.798575 -2.61643 -0.807496
4.15928 4.01368 0.293213 -1.64505 0.163881
3.54256 2.20475 -0.291477 -1.52126 0.287678
2.90187 -4.12652 -0.898892 -1.77461 0.0343258
3.37888 -3.22205 -0.446659 -1.23163 0.577307
2.42486 -5.03099 -1.35113 -1.9508 -0.141869
5.03146 3.10921 1.12009 -1.38364 0.425295
5.64818 4.91815 1.70478 -0.669069 1.13986
4.75203 1.30028 0.855176 -1.67442 0.134515
4.72806 -3.22205 0.832451 -1.2132 0.595732
3.43675 -5.03099 -0.391794 -2.09418 -0.285244
4.13531 -0.508653 0.270487 -1.91741 -0.108473
3.48469 4.01368 -0.346342 -2.12585 -0.316913
4.07744 1.30028 0.215622 -1.36924 0.43969
2.39096 1.30028 -1.38326 -2.17824 -0.369311
3.9956 -1.41312 0.138031 -1.25063 0.558305
4.83388 4.01368 0.932767 -1.53104 0.27789
5.1472 -0.508653 1.22982 -1.37961 0.429326
3.82199 4.01368 -0.0265645 -1.54486 0.264071
5.28691 0.395814 1.36227 -1.10322 0.70571
4.86778 -2.31759 0.964907 -1.51319 0.29574
4.01957 3.10921 0.160757 -2.18343 -0.374493
3.40285 1.30028 -0.423933 -1.79764 0.0112937
3.04158 -3.22205 -0.766436 -1.70781 0.101119
4.72806 -3.22205 0.832451 -0.636824 1.17211
4.27502 0.395814 0.402943 -1.58862 0.22031
2.90187 -4.12652 -0.898892 -1.61741 0.19152
3.91376 -4.12652 0.0604399 -0.97482 0.834114
3.23916 -4.12652 -0.579115 -1.97959 -0.17066
1.85608 2.20475 -1.89036 -2.38265 -0.573721
3.57646 -4.12652 -0.259337 -1.6082 0.200732
3.06555 1.30028 -0.74371 -1.95944 -0.150506
3.57646 -4.12652 -0.259337 -1.34621 0.462722
3.43675 -5.03099 -0.391794 -1.93698 -0.12805
3.20526 2.20475 -0.611254 -1.63066 0.178276
2.53067 2.20475 -1.25081 -1.90186 -0.0929263
2.72825 1.30028 -1.06349 -2.17364 -0.364705
3.51859 -2.31759 -0.314203 -1.47922 0.329712
3.48469 4.01368 -0.346342 -2.23064 -0.421709
4.21715 2.20475 0.348078 -1.14526 0.663677
3.14739 4.01368 -0.666119 -1.76367 0.045266
4.05347 -3.22205 0.192896 -1.90359 -0.0946537
4.67019 -1.41312 0.777585 -1.92259 -0.113655
3.09945 -5.03099 -0.711571 -1.94159 -0.132657
2.70428 -3.22205 -1.08621 -2.39359 -0.584661
4.47261 -0.508653 0.590264 -1.9128 -0.103867
4.13531 -0.508653 0.270487 -1.18384 0.625098
4.39077 -3.22205 0.512673 -1.4798 0.329136
4.39077 -3.22205 0.512673 -1.27021 0.538728
3.09945 -5.03099 -0.711571 -1.732 0.0769351
5.03146 3.10921 1.12009 -1.59323 0.215703
4.35687 3.10921 0.480534 -1.75964 0.0492966
4.15928 4.01368 0.293213 -1.85464 -0.0457106
5.03146 3.10921 1.12009 -1.27884 0.530091
4.67019 -1.41312 0.777585 -1.87019 -0.0612572
2.28514 -5.93545 -1.48358 -2.22719 -0.418254
4.97359 4.91815 1.06522 -1.25466 0.554275
4.39077 -3.22205 0.512673 -1.3226 0.48633
3.20526 2.20475 -0.611254 -1.57826 0.230674
3.34498 3.10921 -0.478798 -1.45907 0.349865
3.51859 -2.31759 -0.314203 -1.47922 0.329712
4.49658 4.01368 0.61299 -1.90244 -0.0935021
3.9617 4.91815 0.105892 -1.68766 0.121272
4.55445 2.20475 0.667855 -1.71703 0.091906
4.75203 1.30028 0.855176 -1.62202 0.186913
3.57646 -4.12652 -0.259337 -2.44657 -0.637634
4.61232 0.395814 0.72272 -1.42682 0.38211
4.69416 3.10921 0.800311 -1.49304 0.315893
4.41474 1.30028 0.535399 -1.36464 0.444296
3.6244 4.91815 -0.213886 -1.84946 -0.0405284
2.56457 -4.12652 -1.21867 -2.0936 -0.284668
3.68227 3.10921 -0.159021 -2.29283 -0.483895
4.83388 4.01368 0.932767 -1.42625 0.382686
3.48469 4.01368 -0.346342 -2.02105 -0.212117
3.23916 -4.12652 -0.579115 -1.66521 0.143728
3.40285 1.30028 -0.423933 -1.79764 0.0112937
3.68227 3.10921 -0.159021 -1.19247 0.616461
3.93773 0.395814 0.0831657 -1.64563 0.163305
2.86797 2.20475 -0.931031 -1.94965 -0.140718
4.13531 -0.508653 0.270487 -1.76021 0.0487208
4.29899 4.91815 0.425669 -1.26387 0.545062
2.58854 0.395814 -1.19594 -2.03084 -0.221906
2.42486 -5.03099 -1.35113 -2.0032 -0.194267
4.69416 3.10921 0.800311 -1.54544 0.263495
3.57646 -4.12652 -0.259337 -1.39861 0.410324
3.48469 4.01368 -0.346342 -1.60187 0.207066
3.321 -1.41312 -0.501524 -1.88862 -0.0796829
2.56457 -4.12652 -1.21867 -2.0936 -0.284668
2.76215 -5.03099 -1.03135 -2.15579 -0.346855
1.75026 -5.03099 -1.99068 -2.3792 -0.570266
1.71636 1.30028 -2.02282 -2.60664 -0.797707
3.06555 1.30028 -0.74371 -1.80225 0.00668734
4.67019 -1.41312 0.777585 -1.6082 0.200732
4.89175 2.20475 0.987633 -1.39803 0.4109
3.57646 -4.12652 -0.259337 -1.5558 0.25313
4.75203 1.30028 0.855176 -1.72682 0.0821173
4.94962 0.395814 1.0425 -1.26502 0.54391
3.82199 4.01368 -0.0265645 -2.12124 -0.312307
3.54256 2.20475 -0.291477 -1.46886 0.340076
3.93773 0.395814 0.0831657 -1.96002 -0.151082
5.1472 -0.508653 1.22982 -1.17002 0.638917
2.86797 2.20475 -0.931031 -1.74006 0.0688739
3.23916 -4.12652 -0.579115 -1.45561 0.35332
4.01957 3.10921 0.160757 -2.18343 -0.374493
3.37888 -3.22205 -0.446659 -1.28402 0.524909
3.23916 -4.12652 -0.579115 -1.61281 0.196126
3.91376 -4.12652 0.0604399 -1.34161 0.467328
4.15928 4.01368 0.293213 -1.59265 0.216279
3.9956 -1.41312 0.138031 -1.30303 0.505907
2.844 -2.31759 -0.953757 -2.3792 -0.570266
3.93773 0.395814 0.0831657 -1.75042 0.0585095
4.41474 1.30028 0.535399 -1.62663 0.182307
4.07744 1.30028 0.215622 -1.84082 -0.0318914
3.51859 -2.31759 -0.314203 -1.53162 0.277314
3.57646 -4.12652 -0.259337 -2.07978 -0.270849
4.15928 4.01368 0.293213 -1.90704 -0.0981085
3.48469 4.01368 -0.346342 -1.33988 0.469056
4.35687 3.10921 0.480534 -1.75964 0.0492966
3.00768 3.10921 -0.798575 -1.56847 0.240463
3.91376 -4.12652 0.0604399 -1.65599 0.152941
4.29899 4.91815 0.425669 -1.47346 0.33547
3.91376 -4.12652 0.0604399 -1.5512 0.257737
3.9956 -1.41312 0.138031 -2.29859 -0.489654
3.57646 -4.12652 -0.259337 -1.81779 -0.0088593
2.70428 -3.22205 -1.08621 -1.92201 -0.113079
3.00768 3.10921 -0.798575 -1.62087 0.188065
2.90187 -4.12652 -0.898892 -1.61741 0.19152
3.34498 3.10921 -0.478798 -2.29744 -0.488502
4.53048 -2.31759 0.645129 -1.72739 0.0815415
3.40285 1.30028 -0.423933 -1.64045 0.168488
3.79801 -0.508653 -0.0492904 -1.71242 0.0965124
4.67019 -1.41312 0.777585 -1.76539 0.0435386
4.39077 -3.22205 0.512673 -1.58459 0.22434
4.41474 1.30028 0.535399 -2.203 -0.39407
3.9617 4.91815 0.105892 -1.42567 0.383261
4.27502 0.395814 0.402943 -1.79822 0.0107179
3.37888 -3.22205 -0.446659 -1.9652 -0.156264
5.17117 4.01368 1.25254 -1.42164 0.387292
3.14739 4.01368 -0.666119 -1.50168 0.307256
1.75026 -5.03099 -1.99068 -2.64119 -0.832255
2.95974 -5.93545 -0.844027 -1.95599 -0.147052
4.83388 4.01368 0.932767 -1.47865 0.330288
3.82199 4.01368 -0.0265645 -2.01644 -0.207511
3.93773 0.395814 0.0831657 -1.75042 0.0585095
4.97359 4.91815 1.06522 -1.35945 0.449479
3.9617 4.91815 0.105892 -1.32088 0.488057
2.90187 -4.12652 -0.898892 -1.66981 0.139122
3.00768 3.10921 -0.798575 -1.62087 0.188065
4.49658 4.01368 0.61299 -1.69284 0.11609
2.72825 1.30028 -1.06349 -2.01644 -0.207511
3.93773 0.395814 0.0831657 -1.96002 -0.151082
3.09945 -5.03099 -0.711571 -1.7844 0.0245372
4.07744 1.30028 0.215622 -1.73603 0.0729045
3.37888 -3.22205 -0.446659 -1.75561 0.0533273
4.21715 2.20475 0.348078 -1.98362 -0.17469
4.19318 -2.31759 0.325352 -2.04639 -0.237452
3.09945 -5.03099 -0.711571 -1.732 0.0769351
4.47261 -0.508653 0.590264 -1.59841 0.210521
2.8101 4.01368 -0.985896 -1.87307 -0.0641362
3.6244 4.91815 -0.213886 -1.16829 0.640645
4.8099 -0.508653 0.910042 -1.54141 0.267525
3.34498 3.10921 -0.478798 -2.24504 -0.436104
3.09945 -5.03099 -0.711571 -1.52241 0.286527
3.09945 -5.03099 -0.711571 -2.09878 -0.28985
3.00768 3.10921 -0.798575 -1.67327 0.135667
4.63629 4.91815 0.745446 -1.10207 0.706862
4.69416 3.10921 0.800311 -1.65023 0.158699
3.74014 1.30028 -0.104155 -1.42625 0.382686
5.22904 2.20475 1.30741 -1.18384 0.625098
3.79801 -0.508653 -0.0492904 -1.92201 -0.113079
4.72806 -3.22205 0.832451 -1.2656 0.543334
4.41474 1.30028 0.535399 -1.41704 0.391899
2.53067 2.20475 -1.25081 -2.05905 -0.25012
2.39096 1.30028 -1.38326 -2.49263 -0.683699
5.42663 1.30028 1.49473 -0.984032 0.824901
3.91376 -4.12652 0.0604399 -1.97038 -0.161447
4.61232 0.395814 0.72272 -1.63642 0.172518
3.09945 -5.03099 -0.711571 -1.732 0.0769351
4.53048 -2.31759 0.645129 -1.67499 0.133939
2.05366 1.30028 -1.70304 -2.65443 -0.845499
3.00768 3.10921 -0.798575 -1.62087 0.188065
2.39096 1.30028 -1.38326 -1.91625 -0.107321
4.19318 -2.31759 0.325352 -2.09878 -0.28985
4.53048 -2.31759 0.645129 -1.72739 0.0815415
4.47261 -0.508653 0.590264 -1.8604 -0.0514686
4.05347 -3.22205 0.192896 -1.79879 0.0101421
4.61232 0.395814 0.72272 -1.42682 0.38211
4.07744 1.30028 0.215622 -1.42164 0.387292
4.55445 2.20475 0.667855 -1.87422 -0.0652878
3.91376 -4.12652 0.0604399 -1.70839 0.100543
4.55445 2.20475 0.667855 -1.50744 0.301498
3.87986 2.20475 0.0283006 -1.46425 0.344683
2.92584 0.395814 -0.876166 -2.28822 -0.479289
2.19337 2.20475 -1.57059 -2.16846 -0.359522
2.53067 2.20475 -1.25081 -1.74467 0.0642675
2.70428 -3.22205 -1.08621 -1.50283 0.306104
2.05366 1.30028 -1.70304 -2.54964 -0.740703
3.6244 4.91815 -0.213886 -1.84946 -0.0405284
2.86797 2.20475 -0.931031 -1.84486 -0.035922
3.93773 0.395814 0.0831657 -1.64563 0.163305
3.79801 -0.508653 -0.0492904 -1.86962 -0.0606814
4.49658 4.01368 0.61299 -1.74524 0.0636917
2.19337 2.20475 -1.57059 -2.01126 -0.202329
3.14739 4.01368 -0.666119 -1.92086 -0.111928
3.46072 -0.508653 -0.369068 -2.13621 -0.327277
3.18129 -2.31759 -0.63398 -2.00781 -0.198874
4.01957 3.10921 0.160757 -2.02623 -0.217299
4.67019 -1.41312 0.777585 -1.81779 -0.0088593
4.41474 1.30028 0.535399 -1.78382 0.025113
3.14739 4.01368 -0.666119 -1.65887 0.150062
4.83388 4.01368 0.932767 -1.42625 0.382686
4.53048 -2.31759 0.645129 -1.67499 0.133939
4.01957 3.10921 0.160757 -2.23582 -0.426891
3.34498 3.10921 -0.478798 -1.66866 0.140273
3.06555 1.30028 -0.74371 -2.01184 -0.202904
3.48469 4.01368 -0.346342 -1.86386 -0.0549234
3.82199 4.01368 -0.0265645 -1.28287 0.52606
3.48469 4.01368 -0.346342 -1.96865 -0.159719
3.57646 -4.12652 -0.259337 -1.29381 0.51512
3.20526 2.20475 -0.611254 -1.94505 -0.136111
3.43675 -5.03099 -0.391794 -1.88459 -0.0756523
4.35687 3.10921 0.480534 -1.02607 0.782868
5.22904 2.20475 1.30741 -1.13144 0.677496
4.21715 2.20475 0.348078 -1.40725 0.401687
4.27502 0.395814 0.402943 -1.79822 0.0107179
3.37888 -3.22205 -0.446659 -1.38882 0.420113
4.47261 -0.508653 0.590264 -1.44122 0.367715
4.05347 -3.22205 0.192896 -1.79879 0.0101421
4.89175 2.20475 0.987633 -1.45043 0.358502
3.14739 4.01368 -0.666119 -1.55408 0.254858
4.89175 2.20475 0.987633 -1.45043 0.358502
4.19318 -2.31759 0.325352 -2.15118 -0.342248
3.91376 -4.12652 0.0604399 -1.4988 0.310135
2.86797 2.20475 -0.931031 -1.84486 -0.035922
4.27502 0.395814 0.402943 -1.69342 0.115514
4.49658 4.01368 0.61299 -1.58805 0.220885
4.41474 1.30028 0.535399 -1.73142 0.0775109
4.55445 2.20475 0.667855 -1.97902 -0.170084
3.85589 -2.31759 0.00557475 -0.950636 0.858298
3.34498 3.10921 -0.478798 -2.29744 -0.488502
4.27502 0.395814 0.402943 -1.64102 0.167912
2.53067 2.20475 -1.25081 -2.26865 -0.459712
3.43675 -5.03099 -0.391794 -1.5178 0.291133
3.34498 3.10921 -0.478798 -1.61626 0.192671
4.01957 3.10921 0.160757 -1.92144 -0.112504
4.41474 1.30028 0.535399 -1.73142 0.0775109
4.39077 -3.22205 0.512673 -1.63699 0.171942
4.75203 1.30028 0.855176 -1.15044 0.658495
4.21715 2.20475 0.348078 -1.30245 0.506483
4.05347 -3.22205 0.192896 -1.01282 0.796111
4.69416 3.10921 0.800311 -1.80743 0.00150512
5.34478 -1.41312 1.41714 -1.07501 0.733925
3.34498 3.10921 -0.478798 -1.56386 0.245069
3.14739 4.01368 -0.666119 -2.13045 -0.321519
3.09945 -5.03099 -0.711571 -1.6272 0.181731
3.20526 2.20475 -0.611254 -2.04984 -0.240907
2.25124 0.395814 -1.51572 -2.29744 -0.488502
2.19337 2.20475 -1.57059 -2.06366 -0.254727
3.74014 1.30028 -0.104155 -1.68824 0.120696
3.57646 -4.12652 -0.259337 -1.34621 0.462722
5.34478 -1.41312 1.41714 -1.1798 0.629129
4.39077 -3.22205 0.512673 -1.58459 0.22434
4.53048 -2.31759 0.645129 -1.72739 0.0815415
3.82199 4.01368 -0.0265645 -1.91165 -0.102715
4.15928 4.01368 0.293213 -1.74985 0.0590853
4.53048 -2.31759 0.645129 -1.67499 0.133939
3.91376 -4.12652 0.0604399 -1.394 0.414931
2.53067 2.20475 -1.25081 -1.95426 -0.145324
2.56457 -4.12652 -1.21867 -1.62202 0.186913
3.20526 2.20475 -0.611254 -1.63066 0.178276
3.85589 -2.31759 0.00557475 -2.26058 -0.451651
3.09945 -5.03099 -0.711571 -2.20358 -0.394646
4.75203 1.30028 0.855176 -1.62202 0.186913
2.08756 -5.03099 -1.6709 -2.2698 -0.460863
4.27502 0.395814 0.402943 -1.79822 0.0107179
4.05347 -3.22205 0.192896 -1.6416 0.167336
4.13531 -0.508653 0.270487 -1.55062 0.258313
4.05347 -3.22205 0.192896 -2.00838 -0.19945
5.1472 -0.508653 1.22982 -1.37961 0.429326
3.60043 0.395814 -0.236612 -1.91222 -0.103291
3.43675 -5.03099 -0.391794 -1.5178 0.291133
3.00768 3.10921 -0.798575 -2.09245 -0.283517
2.08756 -5.03099 -1.6709 -2.165 -0.356068
4.67019 -1.41312 0.777585 -1.6082 0.200732
4.05347 -3.22205 0.192896 -2.27037 -0.461439
3.48469 4.01368 -0.346342 -2.07345 -0.264515
2.86797 2.20475 -0.931031 -2.05445 -0.245514
3.321 -1.41312 -0.501524 -2.04581 -0.236877
3.09945 -5.03099 -0.711571 -2.04639 -0.237452
2.58854 0.395814 -1.19594 -2.24043 -0.431498
4.53048 -2.31759 0.645129 -1.77979 0.0291436
2.56457 -4.12652 -1.21867 -1.88401 -0.0750765
3.82199 4.01368 -0.0265645 -1.64966 0.159275
3.71617 -3.22205 -0.126881 -0.965031 0.843903
4.39077 -3.22205 0.512673 -1.79419 0.0147486
3.00768 3.10921 -0.798575 -1.51607 0.292861
3.321 -1.41312 -0.501524 -2.203 -0.39407
1.47084 -6.83992 -2.25559 -2.61758 -0.808648
1.94785 -5.93545 -1.80336 -2.33659 -0.527656
2.39096 1.30028 -1.38326 -2.07345 -0.264515
3.79801 -0.508653 -0.0492904 -2.07921 -0.270273
5.34478 -1.41312 1.41714 -1.3894 0.419537
4.33289 -1.41312 0.457808 -1.7176 0.0913301
2.90187 -4.12652 -0.898892 -1.8794 -0.0704701
3.57646 -4.12652 -0.259337 -1.87019 -0.0612572
3.82199 4.01368 -0.0265645 -1.75445 0.0544789
3.9956 -1.41312 0.138031 -1.40782 0.401111
4.27502 0.395814 0.402943 -1.43143 0.377503
3.82199 4.01368 -0.0265645 -1.49247 0.316469
3.91376 -4.12652 0.0604399 -1.28921 0.519726
4.27502 0.395814 0.402943 -1.58862 0.22031
3.91376 -4.12652 0.0604399 -1.76079 0.048145
3.82199 4.01368 -0.0265645 -1.64966 0.159275
3.79801 -0.508653 -0.0492904 -2.07921 -0.270273
2.58854 0.395814 -1.19594 -2.13564 -0.326702
4.05347 -3.22205 0.192896 -1.90359 -0.0946537
3.00768 3.10921 -0.798575 -1.93526 -0.126323
2.90187 -4.12652 -0.898892 -1.9842 -0.175266
4.86778 -2.31759 0.964907 -1.19881 0.610127
3.82199 4.01368 -0.0265645 -1.70206 0.106877
4.29899 4.91815 0.425669 -1.57826 0.230674
3.51859 -2.31759 -0.314203 -1.16483 0.6441
2.86797 2.20475 -0.931031 -1.89725 -0.0883199
4.61232 0.395814 0.72272 -1.47922 0.329712
4.19318 -2.31759 0.325352 -2.04639 -0.237452
5.34478 -1.41312 1.41714 -0.970213 0.83872
3.09945 -5.03099 -0.711571 -1.99399 -0.185055
4.53048 -2.31759 0.645129 -1.77979 0.0291436
3.26313 0.395814 -0.556389 -2.12642 -0.317489
3.57646 -4.12652 -0.259337 -2.13218 -0.323247
2.67038 3.10921 -1.11835 -2.20185 -0.392919
5.70605 3.10921 1.75964 -0.850446 0.958487
3.93773 0.395814 0.0831657 -1.59323 0.215703
4.19318 -2.31759 0.325352 -2.09878 -0.28985
4.47261 -0.508653 0.590264 -1.59841 0.210521
4.75203 1.30028 0.855176 -1.36003 0.448903
2.53067 2.20475 -1.25081 -2.32104 -0.51211
3.18129 -2.31759 -0.63398 -1.79822 0.0107179
4.55445 2.20475 0.667855 -1.82182 -0.0128899
3.23916 -4.12652 -0.579115 -1.45561 0.35332
3.6244 4.91815 -0.213886 -1.37788 0.431053
3.6583 -1.41312 -0.181746 -1.62202 0.186913
4.49658 4.01368 0.61299 -1.22126 0.587671
4.83388 4.01368 0.932767 -1.53104 0.27789
3.54256 2.20475 -0.291477 -1.57365 0.235281
3.34498 3.10921 -0.478798 -1.56386 0.245069
4.27502 0.395814 0.402943 -1.32663 0.482299
3.23916 -4.12652 -0.579115 -1.40322 0.405718
4.27502 0.395814 0.402943 -1.58862 0.22031
4.61232 0.395814 0.72272 -1.37443 0.434508
4.13531 -0.508653 0.270487 -1.81261 -0.00367709
3.18129 -2.31759 -0.63398 -1.85061 -0.04168
3.06555 1.30028 -0.74371 -1.80225 0.00668734
3.04158 -3.22205 -0.766436 -1.55062 0.258313
4.01957 3.10921 0.160757 -2.02623 -0.217299
1.57665 0.395814 -2.15528 -2.83063 -1.02169
3.82199 4.01368 -0.0265645 -1.80685 0.00208093
4.19318 -2.31759 0.325352 -2.04639 -0.237452
4.05347 -3.22205 0.192896 -2.16558 -0.356643
3.48469 4.01368 -0.346342 -1.54947 0.259464
2.53067 2.20475 -1.25081 -2.05905 -0.25012
4.61232 0.395814 0.72272 -1.42682 0.38211
3.93773 0.395814 0.0831657 -1.75042 0.0585095
3.91376 -4.12652 0.0604399 -2.07518 -0.266243
4.39077 -3.22205 0.512673 -1.68939 0.119544
2.19337 2.20475 -1.57059 -2.32565 -0.516716
4.35687 3.10921 0.480534 -1.81203 -0.00310129
3.26313 0.395814 -0.556389 -1.91683 -0.107897
3.51859 -2.31759 -0.314203 -1.79361 0.0153244
4.15928 4.01368 0.293213 -1.54026 0.268677
3.77404 -5.03099 -0.0720162 -1.4084 0.400536
3.79801 -0.508653 -0.0492904 -1.81722 -0.0082835
4.07744 1.30028 0.215622 -1.36924 0.43969
4.21715 2.20475 0.348078 -1.82643 -0.0174963
3.71617 -3.22205 -0.126881 -1.12222 0.686709
4.8099 -0.508653 0.910042 -1.8034 0.00553573
2.53067 2.20475 -1.25081 -2.11145 -0.302518
4.05347 -3.22205 0.192896 -1.74639 0.0625401
1.61055 -5.93545 -2.12314 -2.39359 -0.584661
4.55445 2.20475 0.667855 -1.66463 0.144304
2.05366 1.30028 -1.70304 -2.28765 -0.478713
4.94962 0.395814 1.0425 -1.31742 0.491512
4.19318 -2.31759 0.325352 -2.09878 -0.28985
4.61232 0.395814 0.72272 -1.42682 0.38211
3.40285 1.30028 -0.423933 -2.11203 -0.303094
4.55445 2.20475 0.667855 -1.66463 0.144304
4.75203 1.30028 0.855176 -0.993245 0.815688
4.53048 -2.31759 0.645129 -1.93698 -0.12805
3.48469 4.01368 -0.346342 -1.60187 0.207066
2.90187 -4.12652 -0.898892 -1.77461 0.0343258
4.47261 -0.508653 0.590264 -1.65081 0.158123
4.86778 -2.31759 0.964907 -0.832021 0.976913
4.41474 1.30028 0.535399 -1.88862 -0.0796829
4.19318 -2.31759 0.325352 -1.88919 -0.0802587
4.21715 2.20475 0.348078 -1.30245 0.506483
4.15928 4.01368 0.293213 -1.74985 0.0590853
4.27502 0.395814 0.402943 -1.58862 0.22031
3.9956 -1.41312 0.138031 -1.40782 0.401111
2.62244 -5.93545 -1.1638 -2.58937 -0.780433
3.18129 -2.31759 -0.63398 -2.00781 -0.198874
4.41474 1.30028 0.535399 -1.73142 0.0775109
4.69416 3.10921 0.800311 -1.54544 0.263495
4.67019 -1.41312 0.777585 -1.76539 0.0435386
4.35687 3.10921 0.480534 -2.07402 -0.265091
3.51859 -2.31759 -0.314203 -1.74121 0.0677223
4.29899 4.91815 0.425669 -1.47346 0.33547
3.82199 4.01368 -0.0265645 -1.80685 0.00208093
3.91376 -4.12652 0.0604399 -1.70839 0.100543
4.53048 -2.31759 0.645129 -1.88459 -0.0756523
3.23916 -4.12652 -0.579115 -1.45561 0.35332
3.54256 2.20475 -0.291477 -1.62605 0.182883
2.72825 1.30028 -1.06349 -1.80685 0.00208093
4.94962 0.395814 1.0425 -1.36982 0.439114
3.40285 1.30028 -0.423933 -2.00723 -0.198298
5.1472 -0.508653 1.22982 -1.4844 0.32453
3.82199 4.01368 -0.0265645 -1.23048 0.578458
3.71617 -3.22205 -0.126881 -1.12222 0.686709
3.37888 -3.22205 -0.446659 -1.44122 0.367715
3.91376 -4.12652 0.0604399 -1.13201 0.67692
3.79801 -0.508653 -0.0492904 -1.71242 0.0965124
4.69416 3.10921 0.800311 -1.54544 0.263495
3.91376 -4.12652 0.0604399 -1.91798 -0.109049
4.15928 4.01368 0.293213 -1.80225 0.00668734
4.49658 4.01368 0.61299 -1.53565 0.273283
3.09945 -5.03099 -0.711571 -1.83679 -0.0278607
2.76215 -5.03099 -1.03135 -2.05099 -0.242059
3.48469 4.01368 -0.346342 -1.33988 0.469056
3.91376 -4.12652 0.0604399 -1.76079 0.048145
3.6244 4.91815 -0.213886 -1.37788 0.431053
3.20526 2.20475 -0.611254 -1.78785 0.0210824
4.47261 -0.508653 0.590264 -1.808 0.000929323
4.25105 -4.12652 0.380217 -1.337 0.471935
3.57646 -4.12652 -0.259337 -1.97499 -0.166053
4.29899 4.91815 0.425669 -1.21147 0.59746
2.39096 1.30028 -1.38326 -2.02105 -0.212117
4.75203 1.30028 0.855176 -1.51722 0.291709
1.80813 -6.83992 -1.93581 -2.35099 -0.542051
3.6583 -1.41312 -0.181746 -2.0412 -0.23227
3.85589 -2.31759 0.00557475 -2.26058 -0.451651
3.57646 -4.12652 -0.259337 -1.45101 0.357926
2.70428 -3.22205 -1.08621 -1.86962 -0.0606814
4.49658 4.01368 0.61299 -1.74524 0.0636917
4.01957 3.10921 0.160757 -2.18343 -0.374493
3.04158 -3.22205 -0.766436 -1.81261 -0.00367709
3.71617 -3.22205 -0.126881 -1.06983 0.739107
4.53048 -2.31759 0.645129 -1.67499 0.133939
3.54256 2.20475 -0.291477 -1.73085 0.0780867
5.36876 3.10921 1.43987 -1.06464 0.744289
2.28514 -5.93545 -1.48358 -2.22719 -0.418254
4.61232 0.395814 0.72272 -1.32203 0.486906
4.41474 1.30028 0.535399 -1.88862 -0.0796829
3.20526 2.20475 -0.611254 -1.84025 -0.0313156
4.47261 -0.508653 0.590264 -1.54601 0.262919
1.88998 -4.12652 -1.85822 -2.522 -0.713064
2.90187 -4.12652 -0.898892 -1.8794 -0.0704701
3.09945 -5.03099 -0.711571 -2.04639 -0.237452
3.20526 2.20475 -0.611254 -1.78785 0.0210824
4.19318 -2.31759 0.325352 -2.04639 -0.237452
4.49658 4.01368 0.61299 -1.53565 0.273283
4.8099 -0.508653 0.910042 -1.6462 0.16273
5.4845 -0.508653 1.5496 -1.16541 0.643524
3.06555 1.30028 -0.74371 -1.85464 -0.0457106
4.94962 0.395814 1.0425 -1.47462 0.334318
2.72825 1.30028 -1.06349 -1.96405 -0.155113
3.57646 -4.12652 -0.259337 -2.55136 -0.74243
2.86797 2.20475 -0.931031 -1.84486 -0.035922
4.63629 4.91815 0.745446 -1.52126 0.287678
4.75203 1.30028 0.855176 -1.09804 0.710893
4.15928 4.01368 0.293213 -1.74985 0.0590853
3.85589 -2.31759 0.00557475 -2.26058 -0.451651
4.29899 4.91815 0.425669 -1.42107 0.387868
5.28691 0.395814 1.36227 -1.05083 0.758108
3.74014 1.30028 -0.104155 -1.42625 0.382686
3.57646 -4.12652 -0.259337 -2.39417 -0.585237
4.8099 -0.508653 0.910042 -1.33182 0.477117
3.06555 1.30028 -0.74371 -2.01184 -0.202904
3.48469 4.01368 -0.346342 -1.81146 -0.00252549
4.55445 2.20475 0.667855 -1.76943 0.039508
4.35687 3.10921 0.480534 -2.02163 -0.212693
2.39096 1.30028 -1.38326 -1.96865 -0.159719
3.54256 2.20475 -0.291477 -1.78324 0.0256888
4.75203 1.30028 0.855176 -1.41243 0.396505
4.67019 -1.41312 0.777585 -1.87019 -0.0612572
3.82199 4.01368 -0.0265645 -1.70206 0.106877
3.09945 -5.03099 -0.711571 -2.20358 -0.394646
4.89175 2.20475 0.987633 -1.34564 0.463298
3.23916 -4.12652 -0.579115 -1.35082 0.458116
3.09945 -5.03099 -0.711571 -1.732 0.0769351
2.844 -2.31759 -0.953757 -2.01241 -0.20348
3.06555 1.30028 -0.74371 -1.90704 -0.0981085
3.00768 3.10921 -0.798575 -1.77806 0.030871
3.68227 3.10921 -0.159021 -1.29727 0.511665
4.55445 2.20475 0.667855 -1.03585 0.773079
3.74014 1.30028 -0.104155 -1.68824 0.120696
3.91376 -4.12652 0.0604399 -1.4464 0.362533
4.05347 -3.22205 0.192896 -1.17002 0.638917
3.9956 -1.41312 0.138031 -1.61741 0.19152
2.56457 -4.12652 -1.21867 -1.98881 -0.179872
3.68227 3.10921 -0.159021 -1.45446 0.354471
3.23916 -4.12652 -0.579115 -1.50801 0.300922
5.22904 2.20475 1.30741 -0.974244 0.83469
4.89175 2.20475 0.987633 -1.29324 0.515696
3.14739 4.01368 -0.666119 -1.97326 -0.164326
3.54256 2.20475 -0.291477 -1.73085 0.0780867
4.83388 4.01368 0.932767 -1.42625 0.382686
2.76215 -5.03099 -1.03135 -1.9462 -0.137263
3.34498 3.10921 -0.478798 -1.40667 0.402263
3.54256 2.20475 -0.291477 -1.57365 0.235281
2.86797 2.20475 -0.931031 -2.26404 -0.455105
2.19337 2.20475 -1.57059 -2.37805 -0.569114
4.47261 -0.508653 0.590264 -1.33642 0.472511
4.61232 0.395814 0.72272 -1.32203 0.486906
5.03146 3.10921 1.12009 -1.48843 0.320499
3.9956 -1.41312 0.138031 -1.51262 0.296315
3.00768 3.10921 -0.798575 -1.93526 -0.126323
4.35687 3.10921 0.480534 -2.17882 -0.369887
3.23916 -4.12652 -0.579115 -1.50801 0.300922
5.00749 -1.41312 1.09736 -1.65599 0.152941
4.47261 -0.508653 0.590264 -1.808 0.000929323
4.15928 4.01368 0.293213 -1.74985 0.0590853
4.49658 4.01368 0.61299 -1.69284 0.11609
3.00768 3.10921 -0.798575 -1.67327 0.135667
2.95974 -5.93545 -0.844027 -1.6416 0.167336
5.1472 -0.508653 1.22982 -1.27481 0.534121
3.00768 3.10921 -0.798575 -1.72566 0.0832689
3.48469 4.01368 -0.346342 -1.60187 0.207066
4.19318 -2.31759 0.325352 -1.94159 -0.132657
4.05347 -3.22205 0.192896 -1.22241 0.586519
3.18129 -2.31759 -0.63398 -2.06021 -0.251272
3.93773 0.395814 0.0831657 -1.69803 0.110907
3.82199 4.01368 -0.0265645 -1.12568 0.683254
4.01957 3.10921 0.160757 -2.07863 -0.269697
4.05347 -3.22205 0.192896 -1.37961 0.429326
4.07744 1.30028 0.215622 -2.20761 -0.398677
2.39096 1.30028 -1.38326 -2.38784 -0.578903
3.00768 3.10921 -0.798575 -2.72123 -0.912292
2.56457 -4.12652 -1.21867 -1.72682 0.0821173
4.75203 1.30028 0.855176 -1.67442 0.134515
3.9617 4.91815 0.105892 -1.26848 0.540455
2.42486 -5.03099 -1.35113 -2.0556 -0.246665
3.71617 -3.22205 -0.126881 -1.06983 0.739107
3.09945 -5.03099 -0.711571 -1.6272 0.181731
3.57646 -4.12652 -0.259337 -1.81779 -0.0088593
5.03146 3.10921 1.12009 -1.64563 0.163305
4.05347 -3.22205 0.192896 -1.90359 -0.0946537
4.15928 4.01368 0.293213 -1.43546 0.373473
5.03146 3.10921 1.12009 -1.33124 0.477693
3.6244 4.91815 -0.213886 -1.43028 0.378655
4.55445 2.20475 0.667855 -1.66463 0.144304
2.90187 -4.12652 -0.898892 -1.8794 -0.0704701
3.85589 -2.31759 0.00557475 -2.15579 -0.346855
4.8099 -0.508653 0.910042 -1.59381 0.215127
2.19337 2.20475 -1.57059 -1.95886 -0.149931
4.35687 3.10921 0.480534 -1.91683 -0.107897
4.07744 1.30028 0.215622 -1.21205 0.596884
3.71617 -3.22205 -0.126881 -0.965031 0.843903
3.82199 4.01368 -0.0265645 -1.59726 0.211673
3.48469 4.01368 -0.346342 -1.28748 0.521454
3.74014 1.30028 -0.104155 -1.68824 0.120696
3.00768 3.10921 -0.798575 -2.40684 -0.597904
3.04158 -3.22205 -0.766436 -1.81261 -0.00367709
4.67019 -1.41312 0.777585 -1.76539 0.0435386
3.82199 4.01368 -0.0265645 -1.80685 0.00208093
3.23916 -4.12652 -0.579115 -1.56041 0.248524
4.53048 -2.31759 0.645129 -1.72739 0.0815415
2.39096 1.30028 -1.38326 -2.44023 -0.631301
3.57646 -4.12652 -0.259337 -1.39861 0.410324
4.27502 0.395814 0.402943 -1.43143 0.377503
3.48469 4.01368 -0.346342 -1.28748 0.521454
5.17117 4.01368 1.25254 -1.21205 0.596884
3.43675 -5.03099 -0.391794 -1.5178 0.291133
2.22727 -4.12652 -1.53845 -2.3078 -0.498866
4.55445 2.20475 0.667855 -1.66463 0.144304
3.71617 -3.22205 -0.126881 -1.12222 0.686709
4.8099 -0.508653 0.910042 -1.33182 0.477117
5.22904 2.20475 1.30741 -1.02664 0.782292
4.75203 1.30028 0.855176 -1.62202 0.186913
3.82199 4.01368 -0.0265645 -1.91165 -0.102715
5.00749 -1.41312 1.09736 -1.34161 0.467328
3.48469 4.01368 -0.346342 -1.86386 -0.0549234
4.01957 3.10921 0.160757 -1.92144 -0.112504
3.48469 4.01368 -0.346342 -1.65427 0.154668
3.04158 -3.22205 -0.766436 -1.49822 0.31071
3.82199 4.01368 -0.0265645 -1.23048 0.578458
3.91376 -4.12652 0.0604399 -1.81319 -0.00425289
3.23916 -4.12652 -0.579115 -2.60837 -0.799435
4.41474 1.30028 0.535399 -1.78382 0.025113
4.39077 -3.22205 0.512673 -1.84658 -0.0376494
3.57646 -4.12652 -0.259337 -1.87019 -0.0612572
3.00768 3.10921 -0.798575 -1.88286 -0.0739249
4.07744 1.30028 0.215622 -1.31685 0.492088
2.08756 -5.03099 -1.6709 -2.1126 -0.30367
3.79801 -0.508653 -0.0492904 -1.71242 0.0965124
4.83388 4.01368 0.932767 -1.26905 0.539879
3.93773 0.395814 0.0831657 -1.80282 0.00611154
3.43675 -5.03099 -0.391794 -1.5178 0.291133
4.55445 2.20475 0.667855 -1.61223 0.196702
4.27502 0.395814 0.402943 -1.58862 0.22031
3.68227 3.10921 -0.159021 -1.24487 0.564063
4.69416 3.10921 0.800311 -1.70263 0.106301
1.57665 0.395814 -2.15528 -2.83063 -1.02169
2.19337 2.20475 -1.57059 -2.01126 -0.202329
2.39096 1.30028 -1.38326 -2.28304 -0.474107
3.40285 1.30028 -0.423933 -1.90244 -0.0935021
3.34498 3.10921 -0.478798 -2.50703 -0.698094
4.41474 1.30028 0.535399 -1.99341 -0.184479
3.74014 1.30028 -0.104155 -1.63584 0.173094
3.00768 3.10921 -0.798575 -1.62087 0.188065
5.00749 -1.41312 1.09736 -1.76079 0.048145
4.39077 -3.22205 0.512673 -0.955818 0.853115
4.19318 -2.31759 0.325352 -2.20358 -0.394646
5.08933 1.30028 1.17495 -0.988639 0.820295
4.41474 1.30028 0.535399 -2.09821 -0.289275
3.26313 0.395814 -0.556389 -1.86443 -0.0554992
3.26313 0.395814 -0.556389 -1.96923 -0.160295
4.39077 -3.22205 0.512673 -0.90342 0.905513
4.27502 0.395814 0.402943 -1.79822 0.0107179
4.05347 -3.22205 0.192896 -1.90359 -0.0946537
3.93773 0.395814 0.0831657 -2.01241 -0.20348
3.71617 -3.22205 -0.126881 -1.01743 0.791505
4.05347 -3.22205 0.192896 -1.5892 0.219734
3.51859 -2.31759 -0.314203 -1.58402 0.224916
3.04158 -3.22205 -0.766436 -1.70781 0.101119
3.57646 -4.12652 -0.259337 -2.07978 -0.270849
3.40285 1.30028 -0.423933 -1.79764 0.0112937
4.89175 2.20475 0.987633 -1.45043 0.358502
4.05347 -3.22205 0.192896 -2.06078 -0.251848
2.90187 -4.12652 -0.898892 -1.66981 0.139122
3.60043 0.395814 -0.236612 -2.06942 -0.260485
3.09945 -5.03099 -0.711571 -1.6796 0.129333
3.20526 2.20475 -0.611254 -1.73545 0.0734803
4.13531 -0.508653 0.270487 -1.39343 0.415506
3.06555 1.30028 -0.74371 -2.11663 -0.3077
4.21715 2.20475 0.348078 -2.14082 -0.331884
4.75203 1.30028 0.855176 -1.30763 0.501301
4.75203 1.30028 0.855176 -1.67442 0.134515
3.57646 -4.12652 -0.259337 -1.6606 0.148334
4.67019 -1.41312 0.777585 -1.76539 0.0435386
4.39077 -3.22205 0.512673 -1.27021 0.538728
4.83388 4.01368 0.932767 -1.63584 0.173094
3.34498 3.10921 -0.478798 -1.82585 -0.0169205
3.9617 4.91815 0.105892 -1.26848 0.540455
4.05347 -3.22205 0.192896 -1.32721 0.481724
3.20526 2.20475 -0.611254 -1.84025 -0.0313156
4.63629 4.91815 0.745446 -1.20687 0.602066
4.89175 2.20475 0.987633 -1.76482 0.0441144
4.15928 4.01368 0.293213 -1.80225 0.00668734
2.39096 1.30028 -1.38326 -2.33544 -0.526505
5.08933 1.30028 1.17495 -1.40782 0.401111
4.07744 1.30028 0.215622 -1.47404 0.334894
3.06555 1.30028 -0.74371 -2.06424 -0.255302
2.08756 -5.03099 -1.6709 -2.1126 -0.30367
2.28514 -5.93545 -1.48358 -1.8604 -0.0514686
4.94962 0.395814 1.0425 -1.10783 0.701104
3.82199 4.01368 -0.0265645 -1.80685 0.00208093
3.37888 -3.22205 -0.446659 -1.70321 0.105725
3.37888 -3.22205 -0.446659 -1.28402 0.524909
3.00768 3.10921 -0.798575 -1.88286 -0.0739249
4.61232 0.395814 0.72272 -1.53162 0.277314
3.57646 -4.12652 -0.259337 -1.45101 0.357926
4.01957 3.10921 0.160757 -1.97384 -0.164901
2.08756 -5.03099 -1.6709 -2.06021 -0.251272
4.63629 4.91815 0.745446 -1.31166 0.49727
4.01957 3.10921 0.160757 -1.18787 0.621067
4.15928 4.01368 0.293213 -1.54026 0.268677
5.08933 1.30028 1.17495 -1.04104 0.767897
3.26313 0.395814 -0.556389 -2.02163 -0.212693
4.05347 -3.22205 0.192896 -0.908027 0.900907
3.93773 0.395814 0.0831657 -1.85522 -0.0462864
4.15928 4.01368 0.293213 -1.74985 0.0590853
5.1472 -0.508653 1.22982 -1.22241 0.586519
4.49658 4.01368 0.61299 -1.79764 0.0112937
2.95974 -5.93545 -0.844027 -1.79879 0.0101421
2.90187 -4.12652 -0.898892 -1.9842 -0.175266
4.47261 -0.508653 0.590264 -1.59841 0.210521
3.48469 4.01368 -0.346342 -1.44467 0.36426
3.09945 -5.03099 -0.711571 -2.25598 -0.447044
3.82199 4.01368 -0.0265645 -1.75445 0.0544789
3.04158 -3.22205 -0.766436 -1.70781 0.101119
4.05347 -3.22205 0.192896 -1.90359 -0.0946537
2.28514 -5.93545 -1.48358 -2.22719 -0.418254
3.74014 1.30028 -0.104155 -1.58344 0.225492
3.71617 -3.22205 -0.126881 -2.43217 -0.623239
4.47261 -0.508653 0.590264 -1.49362 0.315317
4.13531 -0.508653 0.270487 -1.81261 -0.00367709
3.91376 -4.12652 0.0604399 -1.76079 0.048145
4.41474 1.30028 0.535399 -1.83622 -0.0272849
3.9956 -1.41312 0.138031 -1.51262 0.296315
3.87986 2.20475 0.0283006 -2.35502 -0.546082
2.95974 -5.93545 -0.844027 -2.21797 -0.409041
3.48469 4.01368 -0.346342 -2.07345 -0.264515
4.19318 -2.31759 0.325352 -1.7844 0.0245372
2.42486 -5.03099 -1.35113 -2.0556 -0.246665
3.00768 3.10921 -0.798575 -1.77806 0.030871
3.82199 4.01368 -0.0265645 -1.07328 0.735652
3.48469 4.01368 -0.346342 -2.07345 -0.264515
2.90187 -4.12652 -0.898892 -1.8794 -0.0704701
4.05347 -3.22205 0.192896 -1.5368 0.272132
3.23916 -4.12652 -0.579115 -1.29842 0.510514
4.61232 0.395814 0.72272 -1.42682 0.38211
4.35687 3.10921 0.480534 -1.70724 0.101695
2.67038 3.10921 -1.11835 -1.83507 -0.0261333
4.29899 4.91815 0.425669 -1.47346 0.33547
4.27502 0.395814 0.402943 -1.43143 0.377503
2.08756 -5.03099 -1.6709 -2.165 -0.356068
2.76215 -5.03099 -1.03135 -1.8414 -0.0324672
3.34498 3.10921 -0.478798 -1.35427 0.454661
3.57646 -4.12652 -0.259337 -1.5558 0.25313
4.13531 -0.508653 0.270487 -1.81261 -0.00367709
3.9617 4.91815 0.105892 -1.74006 0.0688739
2.90187 -4.12652 -0.898892 -1.9842 -0.175266
3.82199 4.01368 -0.0265645 -1.75445 0.0544789
2.67038 3.10921 -1.11835 -1.83507 -0.0261333
4.39077 -3.22205 0.512673 -1.63699 0.171942
3.54256 2.20475 -0.291477 -2.51682 -0.707882
4.05347 -3.22205 0.192896 -1.32721 0.481724
3.93773 0.395814 0.0831657 -2.06481 -0.255878
5.03146 3.10921 1.12009 -1.43604 0.372897
3.87986 2.20475 0.0283006 -1.30706 0.501877
3.23916 -4.12652 -0.579115 -1.61281 0.196126
3.26313 0.395814 -0.556389 -1.70724 0.101695
4.05347 -3.22205 0.192896 -1.06522 0.743713
3.09945 -5.03099 -0.711571 -2.25598 -0.447044
4.07744 1.30028 0.215622 -1.42164 0.387292
4.53048 -2.31759 0.645129 -1.72739 0.0815415
2.19337 2.20475 -1.57059 -2.48284 -0.67391
4.41474 1.30028 0.535399 -1.88862 -0.0796829
3.85589 -2.31759 0.00557475 -1.05543 0.753502
2.70428 -3.22205 -1.08621 -1.86962 -0.0606814
4.75203 1.30028 0.855176 -1.20284 0.606097
4.75203 1.30028 0.855176 -1.25523 0.553699
4.55445 2.20475 0.667855 -1.66463 0.144304
2.19337 2.20475 -1.57059 -2.22085 -0.41192
3.60043 0.395814 -0.236612 -1.70263 0.106301
4.94962 0.395814 1.0425 -1.21263 0.596308
2.72825 1.30028 -1.06349 -1.96405 -0.155113
4.27502 0.395814 0.402943 -1.53623 0.272708
4.47261 -0.508653 0.590264 -1.9128 -0.103867
3.20526 2.20475 -0.611254 -1.73545 0.0734803
4.8099 -0.508653 0.910042 -1.43661 0.372321
4.39077 -3.22205 0.512673 -1.27021 0.538728
3.82199 4.01368 -0.0265645 -1.80685 0.00208093
4.27502 0.395814 0.402943 -1.53623 0.272708
4.97359 4.91815 1.06522 -1.20226 0.606672
3.48469 4.01368 -0.346342 -1.23508 0.573852
3.74014 1.30028 -0.104155 -1.42625 0.382686
3.00768 3.10921 -0.798575 -1.67327 0.135667
5.36876 3.10921 1.43987 -1.37903 0.429901
4.39077 -3.22205 0.512673 -1.84658 -0.0376494
3.48469 4.01368 -0.346342 -2.17824 -0.369311
3.54256 2.20475 -0.291477 -1.73085 0.0780867
5.36876 3.10921 1.43987 -1.06464 0.744289
2.62244 -5.93545 -1.1638 -2.27498 -0.466046
4.61232 0.395814 0.72272 -1.58402 0.224916
3.09945 -5.03099 -0.711571 -2.36077 -0.55184
4.61232 0.395814 0.72272 -1.53162 0.277314
3.82199 4.01368 -0.0265645 -1.44007 0.368866
4.89175 2.20475 0.987633 -1.81722 -0.0082835
3.20526 2.20475 -0.611254 -1.94505 -0.136111
4.61232 0.395814 0.72272 -1.53162 0.277314
3.93773 0.395814 0.0831657 -1.90762 -0.0986843
4.35687 3.10921 0.480534 -1.86443 -0.0554992
4.67019 -1.41312 0.777585 -1.713 0.0959366
3.91376 -4.12652 0.0604399 -1.5512 0.257737
4.27502 0.395814 0.402943 -1.48383 0.325106
5.17117 4.01368 1.25254 -1.21205 0.596884
3.00768 3.10921 -0.798575 -1.51607 0.292861
3.40285 1.30028 -0.423933 -1.48325 0.325681
3.91376 -4.12652 0.0604399 -1.65599 0.152941
2.22727 -4.12652 -1.53845 -2.46499 -0.65606
4.83388 4.01368 0.932767 -1.37385 0.435084
4.53048 -2.31759 0.645129 -1.5702 0.238735
4.8099 -0.508653 0.910042 -1.38421 0.424719
1.94785 -5.93545 -1.80336 -2.49378 -0.68485
2.53067 2.20475 -1.25081 -2.05905 -0.25012
4.15928 4.01368 0.293213 -1.54026 0.268677
5.22904 2.20475 1.30741 -1.23623 0.5727
3.74014 1.30028 -0.104155 -1.32145 0.487482
2.42486 -5.03099 -1.35113 -1.9508 -0.141869
2.95974 -5.93545 -0.844027 -2.27037 -0.461439
3.48469 4.01368 -0.346342 -2.17824 -0.369311
4.47261 -0.508653 0.590264 -1.808 0.000929323
4.39077 -3.22205 0.512673 -1.27021 0.538728
3.79801 -0.508653 -0.0492904 -2.1316 -0.322671
3.34498 3.10921 -0.478798 -1.77346 0.0354774
3.18129 -2.31759 -0.63398 -1.79822 0.0107179
3.87986 2.20475 0.0283006 -2.35502 -0.546082
3.6583 -1.41312 -0.181746 -1.93641 -0.127474
3.34498 3.10921 -0.478798 -2.03545 -0.226512
3.18129 -2.31759 -0.63398 -1.64102 0.167912
5.00749 -1.41312 1.09736 -1.76079 0.048145
3.00768 3.10921 -0.798575 -1.72566 0.0832689
4.41474 1.30028 0.535399 -2.04581 -0.236877
3.40285 1.30028 -0.423933 -1.90244 -0.0935021
3.00768 3.10921 -0.798575 -1.72566 0.0832689
2.19337 2.20475 -1.57059 -2.32565 -0.516716
3.48469 4.01368 -0.346342 -1.65427 0.154668
4.8099 -0.508653 0.910042 -1.33182 0.477117
4.75203 1.30028 0.855176 -1.41243 0.396505
3.09945 -5.03099 -0.711571 -1.83679 -0.0278607
4.83388 4.01368 0.932767 -1.37385 0.435084
3.09945 -5.03099 -0.711571 -2.04639 -0.237452
2.53067 2.20475 -1.25081 -1.69227 0.116665
3.09945 -5.03099 -0.711571 -1.6272 0.181731
3.09945 -5.03099 -0.711571 -1.6796 0.129333
5.08933 1.30028 1.17495 -1.30303 0.505907
3.40285 1.30028 -0.423933 -1.69284 0.11609
2.58854 0.395814 -1.19594 -2.13564 -0.326702
3.82199 4.01368 -0.0265645 -1.64966 0.159275
5.03146 3.10921 1.12009 -1.43604 0.372897
3.00768 3.10921 -0.798575 -1.72566 0.0832689
3.48469 4.01368 -0.346342 -2.02105 -0.212117
3.85589 -2.31759 0.00557475 -1.26502 0.54391
3.09945 -5.03099 -0.711571 -2.04639 -0.237452
3.20526 2.20475 -0.611254 -1.52586 0.283072
4.69416 3.10921 0.800311 -1.80743 0.00150512
4.69416 3.10921 0.800311 -1.85983 -0.0508928
3.60043 0.395814 -0.236612 -1.70263 0.106301
3.34498 3.10921 -0.478798 -1.61626 0.192671
3.91376 -4.12652 0.0604399 -1.23681 0.572124
2.8101 4.01368 -0.985896 -1.76827 0.0406596
3.71617 -3.22205 -0.126881 -2.11779 -0.308852
3.48469 4.01368 -0.346342 -1.39228 0.416658
3.91376 -4.12652 0.0604399 -1.65599 0.152941
3.51859 -2.31759 -0.314203 -1.58402 0.224916
2.42486 -5.03099 -1.35113 -1.89841 -0.0894715
4.25105 -4.12652 0.380217 -1.2846 0.524333
3.57646 -4.12652 -0.259337 -2.02738 -0.218451
3.9956 -1.41312 0.138031 -2.0366 -0.227664
4.05347 -3.22205 0.192896 -1.6416 0.167336
2.22727 -4.12652 -1.53845 -2.2554 -0.446468
3.09945 -5.03099 -0.711571 -1.83679 -0.0278607
3.54256 2.20475 -0.291477 -1.31166 0.49727
4.29899 4.91815 0.425669 -1.26387 0.545062
3.04158 -3.22205 -0.766436 -2.23179 -0.422861
3.91376 -4.12652 0.0604399 -1.4988 0.310135
4.39077 -3.22205 0.512673 -1.27021 0.538728
4.75203 1.30028 0.855176 -1.41243 0.396505
2.53067 2.20475 -1.25081 -2.21625 -0.407314
2.19337 2.20475 -1.57059 -2.32565 -0.516716
4.75203 1.30028 0.855176 -1.20284 0.606097
4.47261 -0.508653 0.590264 -1.49362 0.315317
3.77404 -5.03099 -0.0720162 -1.356 0.452933
3.87986 2.20475 0.0283006 -1.35945 0.449479
2.8101 4.01368 -0.985896 -1.87307 -0.0641362
3.48469 4.01368 -0.346342 -1.13029 0.678648
4.05347 -3.22205 0.192896 -2.11318 -0.304245
4.55445 2.20475 0.667855 -1.82182 -0.0128899
3.91376 -4.12652 0.0604399 -1.18441 0.624522
2.39096 1.30028 -1.38326 -2.07345 -0.264515
3.09945 -5.03099 -0.711571 -1.6272 0.181731
2.58854 0.395814 -1.19594 -2.29283 -0.483895
3.57646 -4.12652 -0.259337 -1.29381 0.51512
3.46072 -0.508653 -0.369068 -2.3458 -0.536869
3.68227 3.10921 -0.159021 -1.19247 0.616461
4.15928 4.01368 0.293213 -1.22587 0.583065
