ShiftX   ShiftY   Rotation
50 50 2.41571
50 50 109.626
50 50 48.903
50 50 24.8955
50 50 100.186
50 50 14.6143
50 50 79.9465
50 50 92.6636
50 50 150.476
50 50 168.19
50 50 63.4842
50 50 27.1905
50 50 116.586
50 50 92.1802
50 50 101.907
50 50 6.02743
50 50 35.9557
50 50 114.486
50 50 85.6251
50 50 7.39727
50 50 173.023
50 50 20.1811
50 50 155.769
50 50 59.6491
50 50 169.705
50 50 4.19881
50 50 174.85
50 50 40.2953
50 50 33.7691
50 50 105.51
50 50 147.867
50 50 162.555
50 50 89.9431
50 50 86.6228
50 50 168.429
50 50 59.2412
50 50 120.776
50 50 172.454
50 50 0.684092
50 50 13.4637
50 50 37.0776
50 50 24.0717
50 50 165.085
50 50 2.41173
50 50 138.668
50 50 152.278
50 50 150.153
50 50 48.9704
50 50 32.7322
50 50 119.437
50 50 5.72837
50 50 46.0441
50 50 27.934
50 50 16.4472
50 50 92.1913
50 50 39.8596
50 50 3.25464
50 50 42.6985
50 50 89.6466
50 50 82.7088
50 50 9.80513
50 50 147.821
50 50 23.1746
50 50 86.209
50 50 167.348
50 50 173.743
50 50 94.3499
50 50 0.453959
50 50 58.8038
50 50 177.854
50 50 105.029
50 50 99.609
50 50 73.0271
50 50 171.544
50 50 158.691
50 50 64.9769
50 50 80.7259
50 50 173.28
50 50 95.1651
50 50 83.0283
50 50 161.778
50 50 129.425
50 50 6.15983
50 50 27.4364
50 50 127.529
50 50 22.1131
50 50 81.4002
50 50 39.2425
50 50 127.574
50 50 110.417
50 50 130.401
50 50 122.057
50 50 132.34
50 50 110.382
50 50 178.545
50 50 151.165
50 50 177.454
50 50 93.3927
50 50 66.8744
50 50 176.356
50 50 41.1189
50 50 86.6052
50 50 173.864
50 50 23.8134
50 50 75.5926
50 50 34.7041
50 50 134.138
50 50 69.2579
50 50 104.411
50 50 13.8446
50 50 0.0251907
50 50 84.9957
50 50 55.9608
50 50 0.791662
50 50 90.2491
50 50 81.0373
50 50 52.1931
50 50 124.722
50 50 3.53388
50 50 108.651
50 50 7.47561
50 50 91.8582
50 50 145.25
50 50 136.087
50 50 12.9895
50 50 60.8269
50 50 17.6423
50 50 10.8007
50 50 9.0217
50 50 19.2471
50 50 58.0817
50 50 145.549
50 50 148.778
50 50 159.522
50 50 144.589
50 50 134.669
50 50 74.9246
50 50 85.5135
50 50 18.3945
50 50 8.90814
50 50 35.6059
50 50 169.412
50 50 76.031
50 50 137.437
50 50 65.0353
50 50 33.4036
50 50 161.323
50 50 94.9199
50 50 1.9272
50 50 179.835
50 50 141.643
50 50 40.0245
50 50 153.935
50 50 99.691
50 50 23.7236
50 50 153.461
50 50 47.3662
50 50 79.337
50 50 47.0227
50 50 114.704
50 50 19.4153
50 50 8.21249
50 50 69.2778
50 50 29.7852
50 50 156.584
50 50 129.495
50 50 101.819
50 50 65.2082
50 50 128.627
50 50 20.9641
50 50 110.002
50 50 18.7325
50 50 7.2557
50 50 75.5855
50 50 119.605
50 50 60.3684
50 50 38.2077
50 50 17.5605
50 50 119.327
50 50 87.8912
50 50 158.012
50 50 62.4916
50 50 52.6704
50 50 23.6822
50 50 129.419
50 50 149.969
50 50 12.1482
50 50 155.241
50 50 153.885
50 50 119.802
50 50 147.306
50 50 136.977
50 50 97.665
50 50 177.542
50 50 98.5419
50 50 172.063
50 50 5.53498
50 50 89.3906
50 50 100.934
50 50 144.119
50 50 17.6969
50 50 77.3098
50 50 120.411
50 50 45.3514
50 50 141.626
50 50 135.458
50 50 8.5314
50 50 93.5608
50 50 22.2661
50 50 141.11
50 50 51.5711
50 50 146.338
50 50 19.0214
50 50 26.9982
50 50 75.789
50 50 43.7827
50 50 62.4192
50 50 37.307
50 50 37.9652
50 50 13.1749
50 50 96.6521
50 50 13.3714
50 50 35.7608
50 50 157.503
50 50 110.032
50 50 144.94
50 50 58.8125
50 50 28.9742
50 50 129.517
50 50 53.9146
50 50 162.457
50 50 106.145
50 50 58.4629
50 50 60.9249
50 50 140.339
50 50 56.1449
50 50 107.078
50 50 26.1476
50 50 99.257
50 50 130.654
50 50 155.799
50 50 95.8259
50 50 52.9708
50 50 65.8736
50 50 72.3642
50 50 35.78
50 50 8.64423
50 50 52.0879
50 50 36.8192
50 50 172.803
50 50 87.843
50 50 32.1671
50 50 121.186
50 50 55.8536
50 50 142.649
50 50 38.1374
50 50 140.986
50 50 179.962
50 50 155.019
50 50 78.2525
50 50 11.2243
50 50 85.8656
50 50 106.563
50 50 90.8995
50 50 19.7737
50 50 78.1069
50 50 69.2209
50 50 35.5718
50 50 43.6873
50 50 166.989
50 50 101.239
50 50 86.9207
50 50 127.74
50 50 68.8596
50 50 3.52207
50 50 112.275
50 50 7.35358
50 50 57.5563
50 50 77.7683
50 50 125.742
50 50 153.577
50 50 28.7808
50 50 171.911
50 50 46.168
50 50 171.709
50 50 91.669
50 50 78.2242
50 50 137.146
50 50 44.7137
50 50 145.276
50 50 28.8166
50 50 97.9726
50 50 42.176
50 50 104.871
50 50 49.1756
50 50 136.984
50 50 118.493
50 50 17.1949
50 50 56.3988
50 50 67.6538
50 50 85.1893
50 50 155.235
50 50 48.4336
50 50 75.5709
50 50 133.037
50 50 13.9406
50 50 169.309
50 50 120.487
50 50 96.1513
50 50 156.272
50 50 5.55574
50 50 15.6796
50 50 138.402
50 50 103.124
50 50 58.4859
50 50 81.2155
50 50 38.6452
50 50 108.205
50 50 100.469
50 50 170.823
50 50 24.3601
50 50 136.719
50 50 9.98017
50 50 159.914
50 50 110.113
50 50 173.892
50 50 7.40204
50 50 29.1755
50 50 141.762
50 50 111.894
50 50 28.439
50 50 115.609
50 50 37.2449
50 50 149.632
50 50 150.161
50 50 32.3871
50 50 14.255
50 50 77.4318
50 50 106.629
50 50 73.0684
50 50 93.7923
50 50 31.2629
50 50 21.219
50 50 151.405
50 50 116.315
50 50 8.71972
50 50 147.239
50 50 149.877
50 50 15.0088
50 50 91.7726
50 50 154.207
50 50 85.6607
50 50 136.718
50 50 111.746
50 50 166.885
50 50 108.241
50 50 99.2828
50 50 40.2534
50 50 9.21352
50 50 130.393
50 50 157.307
50 50 140.636
50 50 9.50899
50 50 133.123
50 50 45.4731
50 50 52.1371
50 50 65.627
50 50 105.112
50 50 48.334
50 50 33.5988
50 50 41.8454
50 50 2.69144
50 50 155.711
50 50 52.4394
50 50 127.574
50 50 62.8435
50 50 99.7603
50 50 2.42863
50 50 155.553
50 50 141.076
50 50 118.479
50 50 117.017
50 50 96.201
50 50 103.891
50 50 107.859
50 50 78.6236
50 50 0.352128
50 50 83.2878
50 50 26.2723
50 50 19.0874
50 50 57.432
50 50 9.32819
50 50 130.097
50 50 42.8536
50 50 162.79
50 50 24.1771
50 50 26.5136
50 50 22.8471
50 50 159.771
50 50 136.022
50 50 118.605
50 50 34.4811
50 50 166.662
50 50 18.3903
50 50 106.152
50 50 55.7323
50 50 74.1348
50 50 5.8261
50 50 36.5252
50 50 14.9812
50 50 52.9187
50 50 23.9229
50 50 28.2808
50 50 125.743
50 50 46.352
50 50 132.725
50 50 87.4136
50 50 28.1386
50 50 51.6432
50 50 101.799
50 50 95.7611
50 50 59.4998
50 50 157.136
50 50 160.15
50 50 171.983
50 50 142.128
50 50 137.031
50 50 151.14
50 50 41.4317
50 50 5.94109
50 50 89.2675
50 50 170.215
50 50 64.9334
50 50 45.2077
50 50 166.67
50 50 102.623
50 50 84.4956
50 50 60.8721
50 50 59.4404
50 50 2.92882
50 50 142.356
50 50 60.8887
50 50 48.5256
50 50 86.721
50 50 160.775
50 50 136.022
50 50 110.556
50 50 175.697
50 50 98.5385
50 50 131.649
50 50 86.0764
50 50 32.7427
50 50 177.82
50 50 111.02
50 50 39.7463
50 50 114.667
50 50 60.8604
50 50 130.61
50 50 174.621
50 50 0.578237
50 50 128.015
50 50 113.275
50 50 6.34576
50 50 56.4428
50 50 109.487
50 50 94.6306
50 50 132.424
50 50 74.1612
50 50 91.0722
50 50 143.253
50 50 91.3853
50 50 66.193
50 50 56.2397
50 50 135.42
50 50 20.7036
50 50 147.989
50 50 34.7199
50 50 160.224
50 50 128.246
50 50 46.9945
50 50 93.1301
50 50 157.701
50 50 136.863
50 50 46.0552
50 50 163.414
50 50 171.402
50 50 77.5237
50 50 110.244
50 50 35.7819
50 50 100.414
50 50 148.187
50 50 38.5201
50 50 131.425
50 50 83.9639
50 50 99.4224
50 50 138.351
50 50 165.544
50 50 107.366
50 50 171.581
50 50 126.685
50 50 101.618
50 50 129.962
50 50 101.788
50 50 78.2355
50 50 5.8086
50 50 19.886
50 50 110.61
50 50 148.166
50 50 105.332
50 50 60.8265
50 50 126.052
50 50 31.2382
50 50 92.0178
50 50 163.498
50 50 75.1986
50 50 173.234
50 50 85.528
50 50 81.9202
50 50 40.6805
50 50 78.6556
50 50 140.451
50 50 176.451
50 50 127.79
50 50 55.2115
50 50 172.193
50 50 29.3396
50 50 133.247
50 50 6.30264
50 50 25.1719
50 50 113.511
50 50 164.451
50 50 27.4424
50 50 156.955
50 50 62.44
50 50 69.8608
50 50 67.3389
50 50 102.329
50 50 59.1215
50 50 72.1526
50 50 61.2847
50 50 43.1489
50 50 31.8518
50 50 154.724
50 50 132.743
50 50 28.673
50 50 102.783
50 50 169.158
50 50 53.7193
50 50 149.106
50 50 172.338
50 50 174.726
50 50 97.8536
50 50 46.7406
50 50 59.5107
50 50 67.9854
50 50 101.352
50 50 142.422
50 50 123.389
50 50 124.778
50 50 66.9804
50 50 54.8163
50 50 77.372
50 50 9.35781
50 50 173.721
50 50 152.454
50 50 171.575
50 50 24.4534
50 50 34.4722
50 50 26.4856
50 50 112.916
50 50 117.379
50 50 153.035
50 50 119.801
50 50 36.5086
50 50 85.3762
50 50 76.3759
50 50 47.962
50 50 46.1545
50 50 154.897
50 50 144.949
50 50 34.25
50 50 140.316
50 50 178.407
50 50 57.4397
50 50 62.7609
50 50 37.5129
50 50 136.755
50 50 43.0647
50 50 97.4676
50 50 24.9682
50 50 137.499
50 50 96.7929
50 50 156.212
50 50 95.6703
50 50 159.151
50 50 86.3691
50 50 50.5007
50 50 54.3631
50 50 82.0313
50 50 22.1684
50 50 178.656
50 50 83.1794
50 50 153.952
50 50 158.813
50 50 145.781
50 50 153.429
50 50 106.366
50 50 29.294
50 50 124.799
50 50 107.907
50 50 82.713
50 50 9.37837
50 50 94.6437
50 50 30.4303
50 50 104.437
50 50 133.511
50 50 99.9939
50 50 171.022
50 50 27.4166
50 50 144.459
50 50 29.8538
50 50 119.088
50 50 75.8434
50 50 20.325
50 50 99.4469
50 50 96.6477
50 50 10.1971
50 50 72.6595
50 50 142.052
50 50 73.7836
50 50 21.6376
50 50 176.041
50 50 111.949
50 50 46.5988
50 50 130.649
50 50 17.7474
50 50 21.3133
50 50 115.577
50 50 171.533
50 50 148.189
50 50 109.581
50 50 12.058
50 50 157.675
50 50 19.5169
50 50 78.0034
50 50 125.542
50 50 176.075
50 50 175.412
50 50 35.9293
50 50 19.8947
50 50 48.5252
50 50 165.541
50 50 105.192
50 50 12.2087
50 50 114.83
50 50 82.9111
50 50 77.4303
50 50 75.0546
50 50 58.3821
50 50 174.653
50 50 1.48109
50 50 141.405
50 50 137.8
50 50 18.901
50 50 79.3888
50 50 6.04722
50 50 147.932
50 50 119.06
50 50 20.8624
50 50 71.4869
50 50 50.2862
50 50 106.501
50 50 58.7803
50 50 75.6946
50 50 159.95
50 50 8.84304
50 50 164.823
50 50 125.115
50 50 73.7774
50 50 47.438
50 50 103.652
50 50 154.867
50 50 158.776
50 50 88.4621
50 50 93.5828
50 50 78.4875
50 50 103.005
50 50 82.4887
50 50 68.7145
50 50 161.055
50 50 161.637
50 50 60.9163
50 50 163.686
50 50 30.4024
50 50 71.866
50 50 24.3074
50 50 52.7602
50 50 113.986
50 50 46.2452
50 50 168.015
50 50 51.6875
50 50 80.1362
50 50 89.3492
50 50 64.2197
50 50 16.7555
50 50 41.9887
50 50 112.625
50 50 172.365
50 50 100.88
50 50 161.781
50 50 1.0207
50 50 51.3051
50 50 52.908
50 50 60.6095
50 50 28.935
50 50 114.402
50 50 65.2321
50 50 56.446
50 50 76.3725
50 50 25.5072
50 50 114.47
50 50 142.527
50 50 6.67448
50 50 70.2257
50 50 98.4367
50 50 97.6708
50 50 147.412
50 50 25.8034
50 50 6.97798
50 50 168.493
50 50 96.5846
50 50 163.606
50 50 122.444
50 50 163.258
50 50 30.9563
50 50 45.447
50 50 37.7366
50 50 43.5051
50 50 162.622
50 50 44.784
50 50 116.583
50 50 67.1844
50 50 127.127
50 50 15.4095
50 50 49.6939
50 50 114.078
50 50 71.1301
50 50 18.8327
50 50 134.366
50 50 145.275
50 50 28.3191
50 50 150.047
50 50 38.4474
50 50 106.952
50 50 172.262
50 50 6.58128
50 50 76.004
50 50 137.627
50 50 141.099
50 50 155.063
50 50 122.309
50 50 141.825
50 50 125.485
50 50 152.114
50 50 76.0144
50 50 60.0244
50 50 67.2231
50 50 62.67
50 50 13.2177
50 50 103.377
50 50 58.7487
50 50 151.683
50 50 84.9698
50 50 75.8868
50 50 76.7806
50 50 120.365
50 50 118.132
50 50 5.20245
50 50 147.551
50 50 95.2966
50 50 87.8064
50 50 119.641
50 50 134.011
50 50 38.3475
50 50 150.138
50 50 72.5838
50 50 172.773
50 50 42.9361
50 50 68.4542
50 50 161.254
50 50 166.98
50 50 61.332
50 50 106.634
50 50 63.4105
50 50 136.559
50 50 62.8958
50 50 89.9047
50 50 161.098
50 50 51.4968
50 50 22.0788
50 50 81.6845
50 50 53.3641
50 50 70.1715
50 50 142.343
50 50 61.3707
50 50 169.947
50 50 15.6903
50 50 57.9199
50 50 62.5917
50 50 53.3409
50 50 142.227
50 50 87.4516
50 50 138.327
50 50 130.69
50 50 164.206
50 50 121.656
50 50 53.4572
50 50 73.8519
50 50 2.06396
50 50 45.6951
50 50 171.109
50 50 127.481
50 50 63.1732
50 50 141.201
50 50 136.232
50 50 32.5564
50 50 140.993
50 50 104.521
50 50 91.7544
50 50 57.7406
50 50 2.97143
50 50 82.8203
50 50 178.488
50 50 80.0117
50 50 143.399
50 50 74.9841
50 50 45.9224
50 50 152.256
50 50 154.457
50 50 36.7199
50 50 42.0939
50 50 71.5807
50 50 177.345
50 50 16.1374
50 50 33.729
50 50 24.4887
50 50 114.458
50 50 34.9054
50 50 173.213
50 50 174.41
50 50 157.03
50 50 173.43
50 50 46.4324
50 50 11.3331
50 50 63.0374
50 50 104.261
50 50 165.367
50 50 69.5598
50 50 51.6503
50 50 44.8036
50 50 40.5102
50 50 50.582
50 50 42.6794
50 50 105.539
50 50 114.7
50 50 133.724
50 50 173.56
50 50 163.853
50 50 8.29252
50 50 84.4777
50 50 11.3356
50 50 10.7097
50 50 158.086
50 50 67.8526
50 50 173.092
50 50 28.4967
50 50 102.616
50 50 65.2658
50 50 138.478
50 50 149.037
50 50 51.101
50 50 65.052
50 50 149.396
50 50 154.509
50 50 34.7451
50 50 57.9915
50 50 174.601
50 50 51.9263
50 50 35.0215
50 50 83.2566
50 50 40.4225
50 50 74.1815
50 50 116.786
50 50 49.2854
50 50 174.109
50 50 49.8823
50 50 147.388
50 50 144.731
50 50 147.726
50 50 126.091
50 50 134.157
50 50 51.754
50 50 104.654
50 50 74.1848
50 50 55.3913
50 50 91.1708
50 50 134.201
50 50 2.40645
50 50 168.588
50 50 80.3923
50 50 39.4695
50 50 50.9598
50 50 128.921
50 50 63.2938
50 50 149.207
50 50 50.4987
50 50 64.9032
50 50 72.9162
50 50 38.0154
50 50 55.2069
50 50 80.9282
50 50 92.2519
50 50 85.7442
50 50 85.013
50 50 107.487
50 50 44.1717
50 50 145.88
50 50 179.551
50 50 41.8228
50 50 137.084
50 50 121.705
50 50 121.058
50 50 52.9319
50 50 43.683
50 50 87.5479
50 50 47.7512
50 50 15.0073
50 50 37.4533
50 50 138.825
50 50 107.566
50 50 73.6797
50 50 117.17
50 50 126.119
50 50 31.7706
50 50 95.9763
50 50 94.9627
50 50 7.91884
50 50 49.981
50 50 95.9796
50 50 43.6457
50 50 21.926
50 50 106.94
50 50 97.3893
50 50 64.8999
50 50 113.438
50 50 18.449
50 50 22.1169
50 50 121.564
50 50 135.615
50 50 6.02065
50 50 42.0531
50 50 79.6004
50 50 144.059
50 50 57.061
50 50 106.533
50 50 131.557
50 50 5.9302
50 50 48.6022
50 50 149.497
50 50 15.9533
50 50 125.038
50 50 20.126
50 50 85.4969
50 50 175.061
50 50 47.8906
50 50 8.27935
50 50 144.055
50 50 150.488
50 50 10.2257
50 50 19.708
50 50 132.292
50 50 13.8717
50 50 172.066
50 50 65.1014
50 50 7.76588
50 50 62.9888
50 50 1.61992
50 50 125.443
50 50 138.55
50 50 142.397
50 50 21.996
50 50 39.1502
50 50 172.478
50 50 61.9512
50 50 1.64176
50 50 168.472
50 50 29.1142
50 50 169.35
50 50 17.7519
50 50 135.72
