name   errorMean   errorStd
1     -51.271 8.33313
1.02  -50.2957 8.30536
1.04  -49.6878 8.12115
1.06  -48.4301 8.35741
1.08  -47.0852 8.91293
1.1   -46.5642 8.66189
1.12  -45.427 9.11997
1.14  -43.8354 9.90804
1.16  -43.6012 10.2766
1.18  -42.4006 10.9846
1.2   -42.015 11.5864
1.22  -40.5078 11.7065
1.24  -41.3042 12.081
1.26  -39.9272 11.9831
1.28  -38.3054 11.922
1.3   -37.2664 11.4399
1.32  -37.3822 11.4462
1.34  -37.0916 11.1074
1.36  -36.1588 10.5198
1.38  -35.9365 10.3928
1.4   -35.2047 9.69535
1.42  -34.6214 9.2615
1.44  -33.7181 8.11386
1.46  -33.974 8.1
1.48  -33.3304 6.99673
1.5   -32.5757 5.528
1.52  -32.1702 5.1114
1.54  -31.7754 4.49443
1.56  -31.2912 4.36944
1.58  -30.5288 3.52991
1.6   -30.4136 3.65982
1.62  -30.0275 3.8773
1.64  -29.5387 4.22822
1.66  -29.2883 4.35453
1.68  -29.0703 4.51727
1.7   -28.503 4.51773
1.72  -28.056 4.46664
1.74  -27.844 4.4304
1.76  -27.721 4.47693
1.78  -27.1785 4.28441
1.8   -26.8708 4.058
1.82  -26.6884 4.04563
1.84  -26.0311 4.22069
1.86  -26.0093 4.352
1.88  -25.3863 4.50382
1.9   -25.3248 4.49349
1.92  -25.0698 4.26588
1.94  -24.7161 4.11369
1.96  -24.7477 3.91525
1.98  -24.3858 3.60708
2     -24.1327 3.05637
2.02  -23.7209 3.17261
2.04  -23.8047 3.27804
2.06  -23.1912 3.56436
2.08  -23.188 3.73432
2.1   -22.7201 3.69319
2.12  -22.6292 3.53979
2.14  -22.3623 3.62458
2.16  -22.183 3.71137
2.18  -22.0181 3.76503
2.2   -21.7775 3.96691
2.22  -21.4374 4.26941
2.24  -21.493 4.35423
2.26  -21.1499 4.43283
2.28  -21.0715 4.42993
2.3   -20.61 4.44979
2.32  -20.2779 4.27465
2.34  -20.3598 4.21243
2.36  -20.0488 4.03727
2.38  -20.2596 4.02704
2.4   -19.7283 3.66303
2.42  -19.5443 3.37312
2.44  -19.574 3.25997
2.46  -19.3913 2.76536
2.48  -19.1147 2.26775
2.5   -18.9346 1.52149
2.52  -18.755 1.80541
2.54  -18.6534 2.36658
2.56  -18.4557 2.92291
2.58  -18.3394 3.19998
2.6   -18.2236 3.46409
2.62  -18.0576 3.57512
2.64  -17.8517 3.69153
2.66  -17.7383 3.73152
2.68  -17.6443 3.71627
2.7   -17.5112 3.59807
2.72  -17.1806 3.40941
2.74  -17.1972 3.28107
2.76  -17.0578 3.12743
2.78  -16.959 3.08573
2.8   -16.9634 2.93513
2.82  -16.8157 2.64781
2.84  -16.7009 2.49366
2.86  -16.4136 2.56813
2.88  -16.2419 2.51855
2.9   -16.2452 2.56469
2.92  -16.1388 2.52911
2.94  -15.9149 2.44269
2.96  -15.9059 2.51878
2.98  -15.8779 2.54017
3     -15.572 2.29246
3.02  -15.4531 2.41505
3.04  -15.5375 2.51906
3.06  -15.3616 2.61996
3.08  -15.2966 2.77716
3.1   -15.1603 2.89076
3.12  -14.9795 2.97933
3.14  -15.0176 2.91976
3.16  -14.8619 2.97589
3.18  -14.7455 2.78926
3.2   -14.6803 2.65143
3.22  -14.493 2.73682
3.24  -14.4758 2.78408
3.26  -14.3218 2.81156
3.28  -14.2105 2.75424
3.3   -14.1286 2.85908
3.32  -14.1947 2.96959
3.34  -13.7765 2.68619
3.36  -13.8526 2.6899
3.38  -13.791 2.73157
3.4   -13.7488 2.68413
3.42  -13.6151 2.4319
3.44  -13.5823 2.41067
3.46  -13.398 2.03748
3.48  -13.3982 1.88106
3.5   -13.4083 1.66533
3.52  -13.3626 1.3809
3.54  -13.0635 1.30853
3.56  -13.0413 1.32387
3.58  -13.0554 1.37242
3.6   -12.9787 1.46573
3.62  -12.9144 1.64204
3.64  -12.823 1.67559
3.66  -12.7632 1.95168
3.68  -12.6492 1.97679
3.7   -12.6122 2.0433
3.72  -12.6261 2.01887
3.74  -12.4006 2.12533
3.76  -12.241 2.10421
3.78  -12.3213 2.09999
3.8   -12.2514 2.07995
3.82  -12.201 2.02663
3.84  -12.1214 1.95295
3.86  -12.0903 1.85353
3.88  -11.9777 1.73634
3.9   -11.9762 1.55445
3.92  -11.8366 1.41631
3.94  -11.7697 1.33681
3.96  -11.6943 1.33019
3.98  -11.6439 1.25012
4     -11.5621 1.02233
4.02  -11.5218 1.0912
4.04  -11.4167 1.3483
4.06  -11.3845 1.33107
4.08  -11.3663 1.41632
4.1   -11.3849 1.496
4.12  -11.2365 1.64498
4.14  -11.1835 1.69008
4.16  -11.1086 1.7755
4.18  -11.1048 1.80182
4.2   -10.9689 1.82688
4.22  -10.9787 1.75044
4.24  -10.884 1.76179
4.26  -10.9092 1.72674
4.28  -10.8394 1.80845
4.3   -10.7394 1.79097
4.32  -10.6497 1.81274
4.34  -10.5807 1.85248
4.36  -10.6247 1.8471
4.38  -10.5872 1.80724
4.4   -10.5001 1.72406
4.42  -10.5117 1.59596
4.44  -10.4441 1.57852
4.46  -10.3655 1.31803
4.48  -10.3586 1.26694
4.5   -10.325 0.987954
4.52  -10.2538 0.993896
4.54  -10.1904 1.14011
4.56  -10.096 1.11055
4.58  -10.1374 1.05961
4.6   -10.0702 1.09773
4.62  -10.0287 1.15377
4.64  -9.99614 1.22022
4.66  -10.0156 1.30657
4.68  -9.91511 1.35986
4.7   -9.8293 1.38229
4.72  -9.80237 1.44784
4.74  -9.7111 1.44426
4.76  -9.7256 1.49722
4.78  -9.68685 1.51783
4.8   -9.53389 1.50195
4.82  -9.56892 1.55128
4.84  -9.55219 1.5758
4.86  -9.49183 1.51894
4.88  -9.4769 1.43524
4.9   -9.44329 1.47451
4.92  -9.3541 1.23775
4.94  -9.3837 1.22534
4.96  -9.30876 1.05644
4.98  -9.25398 0.836569
5     -9.19124 0.710493
5.02  -9.20192 0.826111
5.04  -9.15053 1.17642
5.06  -9.10401 1.15933
5.08  -9.08084 1.14589
5.1   -8.93503 1.26492
5.12  -8.98096 1.19781
5.14  -8.94831 1.17771
5.16  -8.89314 1.21832
5.18  -8.92541 1.18398
5.2   -8.80878 1.22394
5.22  -8.79553 1.21767
5.24  -8.8637 1.22032
5.26  -8.76781 1.23139
5.28  -8.68041 1.27523
5.3   -8.70863 1.18962
5.32  -8.56475 1.1922
5.34  -8.58735 1.1696
5.36  -8.67641 1.22234
5.38  -8.5317 1.18145
5.4   -8.56696 1.12716
5.42  -8.51122 1.09622
5.44  -8.41083 1.08562
5.46  -8.34569 1.01485
5.48  -8.42921 1.04086
5.5   -8.35238 0.96323
5.52  -8.32843 0.964739
5.54  -8.27588 1.08479
5.56  -8.27447 1.09742
5.58  -8.21023 1.0228
5.6   -8.22816 0.965774
5.62  -8.22454 0.892994
5.64  -8.15364 0.815664
5.66  -8.09532 0.794873
5.68  -8.07937 0.773463
5.7   -8.09402 0.821171
5.72  -8.03435 0.869422
5.74  -8.03984 0.896019
5.76  -7.95494 0.93512
5.78  -7.89868 1.00845
5.8   -7.93619 0.93899
5.82  -7.87893 0.963466
5.84  -7.86742 0.938983
5.86  -7.82169 0.913206
5.88  -7.83423 0.940791
5.9   -7.78581 0.979882
5.92  -7.72306 0.920106
5.94  -7.70972 0.884694
5.96  -7.68342 0.844645
5.98  -7.64088 0.729537
6     -7.67493 0.58936
6.02  -7.62091 0.653303
6.04  -7.5755 0.826741
6.06  -7.56526 0.783769
6.08  -7.54207 0.832215
6.1   -7.54906 0.876048
6.12  -7.50841 0.907458
6.14  -7.46882 0.886018
6.16  -7.40373 0.923134
6.18  -7.4032 0.941114
6.2   -7.40453 0.971647
6.22  -7.40096 0.934741
6.24  -7.37417 0.93695
6.26  -7.38264 0.895371
6.28  -7.28142 0.895603
6.3   -7.2773 0.878362
6.32  -7.24889 0.902589
6.34  -7.22258 0.853801
6.36  -7.23332 0.850011
6.38  -7.16879 0.816807
6.4   -7.10473 0.790587
6.42  -7.14445 0.792501
6.44  -7.10147 0.731865
6.46  -7.08371 0.649751
6.48  -7.07184 0.565432
6.5   -7.03196 0.465511
6.52  -7.01796 0.575487
6.54  -7.03685 0.708825
6.56  -6.93143 0.792366
6.58  -6.93123 0.866927
6.6   -6.98297 0.840184
6.62  -6.9136 0.894438
6.64  -6.90063 0.951811
6.66  -6.89132 0.888526
6.68  -6.88418 0.908015
6.7   -6.84234 0.866537
6.72  -6.86609 0.808058
6.74  -6.81002 0.807343
6.76  -6.80963 0.812686
6.78  -6.78438 0.850312
6.8   -6.71973 0.849525
6.82  -6.6751 0.819001
6.84  -6.69184 0.828438
6.86  -6.69043 0.805032
6.88  -6.71446 0.786053
6.9   -6.64415 0.747028
6.92  -6.59254 0.728643
6.94  -6.60043 0.652267
6.96  -6.56459 0.58989
6.98  -6.55498 0.508156
7     -6.55451 0.454947
7.02  -6.52425 0.63494
7.04  -6.54454 0.696906
7.06  -6.46618 0.74736
7.08  -6.45904 0.794902
7.1   -6.46067 0.832655
7.12  -6.38932 0.839808
7.14  -6.43286 0.852323
7.16  -6.36116 0.865862
7.18  -6.36876 0.90799
7.2   -6.38661 0.869376
7.22  -6.30238 0.902366
7.24  -6.33714 0.904726
7.26  -6.294 0.872973
7.28  -6.31537 0.899445
7.3   -6.25981 0.883821
7.32  -6.29284 0.883069
7.34  -6.21908 0.815398
7.36  -6.22061 0.789887
7.38  -6.18797 0.743734
7.4   -6.20432 0.704487
7.42  -6.16425 0.623261
7.44  -6.13092 0.585439
7.46  -6.11924 0.587296
7.48  -6.11405 0.528408
7.5   -6.07614 0.509128
7.52  -6.0571 0.603802
7.54  -6.07274 0.652676
7.56  -6.06974 0.703769
7.58  -6.02043 0.745952
7.6   -6.04832 0.751072
7.62  -5.97997 0.79351
7.64  -6.03238 0.787235
7.66  -5.96422 0.81962
7.68  -5.98031 0.835706
7.7   -5.93364 0.832866
7.72  -5.92089 0.816826
7.74  -5.93015 0.811658
7.76  -5.90079 0.801025
7.78  -5.8811 0.752111
7.8   -5.87575 0.747032
7.82  -5.83697 0.74602
7.84  -5.84925 0.727634
7.86  -5.81926 0.689848
7.88  -5.76672 0.692728
7.9   -5.78241 0.678315
7.92  -5.73803 0.664269
7.94  -5.75877 0.66278
7.96  -5.73045 0.613145
7.98  -5.7337 0.523712
8     -5.70655 0.472736
8.02  -5.69138 0.555246
8.04  -5.70164 0.623849
8.06  -5.66792 0.646232
8.08  -5.61444 0.67623
8.1   -5.62441 0.728391
8.12  -5.62017 0.720927
8.14  -5.61832 0.768556
8.16  -5.6267 0.799593
8.18  -5.55842 0.827465
8.2   -5.61156 0.827881
8.22  -5.54707 0.816514
8.24  -5.55408 0.791503
8.26  -5.50409 0.76092
8.28  -5.49384 0.740759
8.3   -5.45708 0.737422
8.32  -5.51219 0.781858
8.34  -5.46155 0.781245
8.36  -5.42832 0.755448
8.38  -5.39171 0.761961
8.4   -5.40218 0.707532
8.42  -5.43089 0.674952
8.44  -5.38719 0.602311
8.46  -5.36007 0.488794
8.48  -5.37256 0.430399
8.5   -5.34709 0.263945
8.52  -5.37244 0.458516
8.54  -5.35535 0.507821
8.56  -5.36379 0.580138
8.58  -5.31682 0.6386
8.6   -5.31881 0.684665
8.62  -5.29173 0.726932
8.64  -5.2541 0.707424
8.66  -5.27583 0.730027
8.68  -5.27141 0.716452
8.7   -5.23635 0.70141
8.72  -5.22871 0.683001
8.74  -5.1947 0.654822
8.76  -5.18163 0.666256
8.78  -5.21479 0.665869
8.8   -5.17166 0.689417
8.82  -5.12615 0.671252
8.84  -5.14519 0.663943
8.86  -5.1473 0.660857
8.88  -5.12976 0.618572
8.9   -5.10828 0.598487
8.92  -5.08211 0.52063
8.94  -5.08601 0.524423
8.96  -5.08984 0.450841
8.98  -5.08011 0.413385
9     -5.07285 0.36831
9.02  -5.06 0.507408
9.04  -5.00189 0.634167
9.06  -5.02385 0.623229
9.08  -5.03016 0.613753
9.1   -5.00505 0.642609
9.12  -5.02551 0.631152
9.14  -4.95855 0.677951
9.16  -4.96939 0.646288
9.18  -4.99136 0.608187
9.2   -4.96109 0.62901
9.22  -4.91388 0.676592
9.24  -4.90519 0.70215
9.26  -4.93072 0.716165
9.28  -4.91729 0.695688
9.3   -4.87219 0.691727
9.32  -4.92171 0.673495
9.34  -4.86813 0.638751
9.36  -4.88066 0.589676
9.38  -4.86149 0.555864
9.4   -4.85027 0.509295
9.42  -4.84899 0.507828
9.44  -4.81098 0.458386
9.46  -4.83844 0.489021
9.48  -4.80869 0.448981
9.5   -4.7785 0.438549
9.52  -4.79866 0.530435
9.54  -4.78142 0.540761
9.56  -4.77544 0.55677
9.58  -4.74966 0.617814
9.6   -4.77207 0.632063
9.62  -4.741 0.598732
9.64  -4.73248 0.634515
9.66  -4.73214 0.632349
9.68  -4.70547 0.645266
9.7   -4.66956 0.678381
9.72  -4.66721 0.708816
9.74  -4.68638 0.699757
9.76  -4.6286 0.679009
9.78  -4.64007 0.648939
9.8   -4.64691 0.62559
9.82  -4.62958 0.602317
9.84  -4.66701 0.541805
9.86  -4.64461 0.47886
9.88  -4.61062 0.481522
9.9   -4.59497 0.476685
9.92  -4.57904 0.502287
9.94  -4.5745 0.532394
9.96  -4.56309 0.511778
9.98  -4.58308 0.491448
10    -4.5328 0.444836
10.02 -4.51885 0.551985
10.04 -4.52707 0.523415
10.06 -4.52882 0.546101
10.08 -4.50311 0.602364
10.1  -4.56347 0.604704
10.12 -4.48715 0.671455
10.14 -4.46336 0.701984
10.16 -4.47332 0.716192
10.18 -4.47094 0.729432
10.2  -4.43426 0.725833
10.22 -4.47374 0.733414
10.24 -4.41904 0.719136
10.26 -4.45658 0.666092
10.28 -4.441 0.665229
10.3  -4.41535 0.638248
10.32 -4.38082 0.600135
10.34 -4.41302 0.608069
10.36 -4.41161 0.63029
10.38 -4.39674 0.586371
10.4  -4.39775 0.598909
10.42 -4.39213 0.588539
10.44 -4.35891 0.537024
10.46 -4.34457 0.457445
10.48 -4.33959 0.400664
10.5  -4.31933 0.317549
10.52 -4.32361 0.357849
10.54 -4.30959 0.43285
10.56 -4.29275 0.481853
10.58 -4.25852 0.584133
10.6  -4.27119 0.563134
10.62 -4.27427 0.639087
10.64 -4.24019 0.700438
10.66 -4.26875 0.676761
10.68 -4.24821 0.670136
10.7  -4.27402 0.690499
10.72 -4.25238 0.648019
10.74 -4.20704 0.66135
10.76 -4.21389 0.646475
10.78 -4.22984 0.628907
10.8  -4.23152 0.619301
10.82 -4.21372 0.630929
10.84 -4.21033 0.616258
10.86 -4.18464 0.584516
10.88 -4.18942 0.573511
10.9  -4.17055 0.515273
10.92 -4.13384 0.464913
10.94 -4.13524 0.402893
10.96 -4.1579 0.335503
10.98 -4.14128 0.27409
11    -4.13311 0.251614
11.02 -4.12279 0.387064
11.04 -4.1042 0.474108
11.06 -4.13367 0.473422
11.08 -4.08529 0.533697
11.1  -4.0684 0.579366
11.12 -4.07111 0.587203
11.14 -4.07434 0.609292
11.16 -4.03076 0.615342
11.18 -4.07569 0.612314
11.2  -4.05188 0.603738
11.22 -4.01628 0.615262
11.24 -4.01652 0.629358
11.26 -4.02652 0.622695
11.28 -4.05809 0.630337
11.3  -4.04579 0.650821
11.32 -3.9999 0.626022
11.34 -4.01159 0.605395
11.36 -4.01243 0.596111
11.38 -3.99554 0.543945
11.4  -3.97676 0.504644
11.42 -3.95331 0.446956
11.44 -3.97573 0.416695
11.46 -3.97576 0.388102
11.48 -3.9684 0.344192
11.5  -3.95142 0.292409
11.52 -3.93178 0.402561
11.54 -3.9453 0.400636
11.56 -3.9109 0.46419
11.58 -3.9082 0.47769
11.6  -3.90211 0.497602
11.62 -3.92762 0.483766
11.64 -3.91425 0.486047
11.66 -3.89059 0.509657
11.68 -3.86469 0.537022
11.7  -3.89083 0.581327
11.72 -3.88734 0.590816
11.74 -3.87807 0.615553
11.76 -3.84972 0.627573
11.78 -3.84 0.602907
11.8  -3.85257 0.583777
11.82 -3.86977 0.577417
11.84 -3.85581 0.554628
11.86 -3.83872 0.495893
11.88 -3.82845 0.499784
11.9  -3.79452 0.461348
11.92 -3.80691 0.465981
11.94 -3.79218 0.418522
11.96 -3.81048 0.390621
11.98 -3.76577 0.339561
12    -3.78583 0.285771
12.02 -3.78502 0.338961
12.04 -3.79213 0.387925
12.06 -3.76846 0.422096
12.08 -3.77931 0.409792
12.1  -3.7402 0.469782
12.12 -3.75087 0.460374
12.14 -3.72308 0.531176
12.16 -3.75551 0.530014
12.18 -3.70792 0.558807
12.2  -3.71482 0.554284
12.22 -3.72374 0.563109
12.24 -3.69136 0.574922
12.26 -3.71269 0.559353
12.28 -3.73472 0.548306
12.3  -3.68742 0.541991
12.32 -3.6686 0.511058
12.34 -3.65795 0.51397
12.36 -3.67308 0.520065
12.38 -3.66731 0.497671
12.4  -3.66572 0.48967
12.42 -3.66732 0.48151
12.44 -3.64881 0.44304
12.46 -3.63869 0.424764
12.48 -3.62305 0.36896
12.5  -3.61686 0.280788
12.52 -3.61062 0.355118
12.54 -3.63455 0.335021
12.56 -3.60506 0.392967
12.58 -3.63531 0.404015
12.6  -3.59092 0.458257
12.62 -3.60958 0.458314
12.64 -3.60114 0.468939
12.66 -3.57295 0.483495
12.68 -3.5705 0.488404
12.7  -3.57871 0.518487
12.72 -3.56169 0.467203
12.74 -3.56321 0.45855
12.76 -3.56886 0.472488
12.78 -3.55367 0.490048
12.8  -3.53686 0.498329
12.82 -3.54562 0.499461
12.84 -3.53728 0.503695
12.86 -3.5096 0.514297
12.88 -3.51586 0.478672
12.9  -3.52566 0.460797
12.92 -3.48552 0.436927
12.94 -3.52979 0.413291
12.96 -3.49378 0.329169
12.98 -3.48355 0.234415
13    -3.48635 0.201373
13.02 -3.48283 0.324803
13.04 -3.45531 0.381327
13.06 -3.47864 0.392557
13.08 -3.46588 0.405125
13.1  -3.45986 0.469934
13.12 -3.46227 0.460652
13.14 -3.45058 0.484591
13.16 -3.49075 0.461847
13.18 -3.43548 0.470779
13.2  -3.4451 0.483802
13.22 -3.45019 0.477142
13.24 -3.42064 0.467991
13.26 -3.39813 0.503002
13.28 -3.42317 0.497124
13.3  -3.40542 0.498181
13.32 -3.41479 0.492351
13.34 -3.42364 0.47773
13.36 -3.39069 0.466318
13.38 -3.3921 0.447293
13.4  -3.38662 0.416142
13.42 -3.38435 0.367216
13.44 -3.3745 0.309809
13.46 -3.37426 0.309701
13.48 -3.36297 0.29298
13.5  -3.37348 0.263279
13.52 -3.36698 0.32361
13.54 -3.34982 0.361721
13.56 -3.35969 0.403015
13.58 -3.33272 0.418118
13.6  -3.3526 0.435261
13.62 -3.32532 0.441316
13.64 -3.30813 0.436773
13.66 -3.32239 0.428917
13.68 -3.30796 0.461695
13.7  -3.31102 0.47501
13.72 -3.32159 0.481315
13.74 -3.29823 0.490064
13.76 -3.31058 0.475773
13.78 -3.30684 0.485769
13.8  -3.30261 0.495502
13.82 -3.27861 0.473125
13.84 -3.28622 0.453868
13.86 -3.26597 0.433321
13.88 -3.26922 0.407914
13.9  -3.26365 0.391739
13.92 -3.25731 0.383738
13.94 -3.25531 0.374684
13.96 -3.26771 0.346681
13.98 -3.24972 0.324108
14    -3.24804 0.260443
14.02 -3.25401 0.298183
14.04 -3.23296 0.348767
14.06 -3.23391 0.351933
14.08 -3.2209 0.362471
14.1  -3.20328 0.377955
14.12 -3.2248 0.383571
14.14 -3.20896 0.40855
14.16 -3.19556 0.452724
14.18 -3.2011 0.46843
14.2  -3.1644 0.512359
14.22 -3.17491 0.50282
14.24 -3.18808 0.499477
14.26 -3.16304 0.489732
14.28 -3.17621 0.496011
14.3  -3.14447 0.484869
14.32 -3.1755 0.446284
14.34 -3.17112 0.441326
14.36 -3.19494 0.441908
14.38 -3.1497 0.432311
14.4  -3.13222 0.400182
14.42 -3.13336 0.386534
14.44 -3.13795 0.371747
14.46 -3.14904 0.345358
14.48 -3.1456 0.300279
14.5  -3.13187 0.206055
14.52 -3.12131 0.26813
14.54 -3.11259 0.289766
14.56 -3.1165 0.300231
14.58 -3.09963 0.352941
14.6  -3.11278 0.380148
14.62 -3.10973 0.39061
14.64 -3.1067 0.402066
14.66 -3.07388 0.420846
14.68 -3.09184 0.445983
14.7  -3.08441 0.438937
14.72 -3.08326 0.428368
14.74 -3.08224 0.427554
14.76 -3.06318 0.412524
14.78 -3.05747 0.419195
14.8  -3.04207 0.413948
14.82 -3.05354 0.403935
14.84 -3.05696 0.402739
14.86 -3.04184 0.39509
14.88 -3.05084 0.406729
14.9  -3.04016 0.385055
14.92 -3.03755 0.380316
14.94 -3.00369 0.337641
14.96 -3.03409 0.322417
14.98 -3.03423 0.274648
15    -3.01637 0.228558
15.02 -3.0226 0.281754
15.04 -3.01467 0.319722
15.06 -2.98945 0.348053
15.08 -3.01088 0.359019
15.1  -3.01728 0.367808
15.12 -2.99767 0.369213
15.14 -2.99296 0.38264
15.16 -2.99342 0.383896
15.18 -3.00161 0.381027
15.2  -2.9747 0.378905
15.22 -2.98053 0.376603
15.24 -2.95915 0.405285
15.26 -2.95884 0.407312
15.28 -2.9517 0.438361
15.3  -2.97282 0.421043
15.32 -2.9551 0.439866
15.34 -2.96561 0.434841
15.36 -2.96162 0.441677
15.38 -2.94038 0.395566
15.4  -2.9235 0.367039
15.42 -2.93803 0.347226
15.44 -2.95526 0.311758
15.46 -2.9315 0.29236
15.48 -2.93442 0.251232
15.5  -2.92737 0.20996
15.52 -2.92319 0.242621
15.54 -2.92528 0.265424
15.56 -2.92258 0.270445
15.58 -2.91075 0.320121
15.6  -2.91502 0.316006
15.62 -2.90084 0.338606
15.64 -2.90304 0.331608
15.66 -2.8947 0.348293
15.68 -2.87716 0.3719
15.7  -2.88606 0.371968
15.72 -2.86498 0.394811
15.74 -2.88329 0.399393
15.76 -2.87204 0.405083
15.78 -2.87942 0.396814
15.8  -2.88732 0.397232
15.82 -2.85869 0.389318
15.84 -2.8778 0.366111
15.86 -2.85614 0.333108
15.88 -2.85731 0.321869
15.9  -2.86246 0.299929
15.92 -2.85273 0.30564
15.94 -2.8337 0.295767
15.96 -2.83831 0.27149
15.98 -2.83527 0.249366
16    -2.82884 0.216041
16.02 -2.83612 0.28099
16.04 -2.82103 0.287748
16.06 -2.82837 0.316969
16.08 -2.82441 0.321016
16.1  -2.80731 0.338594
16.12 -2.82154 0.323689
16.14 -2.81783 0.343758
16.16 -2.81216 0.366439
16.18 -2.79617 0.376919
16.2  -2.79394 0.362396
16.22 -2.78094 0.371707
16.24 -2.77451 0.361114
16.26 -2.78057 0.350728
16.28 -2.77767 0.36711
16.3  -2.77717 0.370194
16.32 -2.78258 0.353575
16.34 -2.77619 0.340066
16.36 -2.77118 0.346278
16.38 -2.77153 0.348876
16.4  -2.77372 0.348136
16.42 -2.75162 0.327426
16.44 -2.75803 0.322894
16.46 -2.77021 0.301644
16.48 -2.75493 0.272829
16.5  -2.75755 0.208398
16.52 -2.7387 0.238882
16.54 -2.74052 0.250185
16.56 -2.73443 0.260595
16.58 -2.72475 0.288298
16.6  -2.71789 0.314986
16.62 -2.71421 0.333138
16.64 -2.73792 0.3506
16.66 -2.7148 0.360962
16.68 -2.7187 0.372047
16.7  -2.70107 0.369671
16.72 -2.71116 0.366227
16.74 -2.70463 0.355489
16.76 -2.70084 0.362765
16.78 -2.69687 0.345744
16.8  -2.69574 0.342146
16.82 -2.7043 0.357363
16.84 -2.70299 0.370238
16.86 -2.68181 0.338453
16.88 -2.69252 0.345077
16.9  -2.68202 0.299224
16.92 -2.68739 0.30543
16.94 -2.67096 0.273565
16.96 -2.67508 0.257918
16.98 -2.66655 0.175218
17    -2.6716 0.135558
17.02 -2.65674 0.23688
17.04 -2.66033 0.316034
17.06 -2.64657 0.340582
17.08 -2.66572 0.327316
17.1  -2.65187 0.382767
17.12 -2.6641 0.354234
17.14 -2.6242 0.409111
17.16 -2.66434 0.37596
17.18 -2.62615 0.390936
17.2  -2.65813 0.367402
17.22 -2.63842 0.350308
17.24 -2.62209 0.370774
17.26 -2.61572 0.372256
17.28 -2.6157 0.378971
17.3  -2.61005 0.363502
17.32 -2.62812 0.349693
17.34 -2.59937 0.343479
17.36 -2.58825 0.342225
17.38 -2.60513 0.326523
17.4  -2.60709 0.321398
17.42 -2.60074 0.29087
17.44 -2.6011 0.269013
17.46 -2.59449 0.244542
17.48 -2.60488 0.259628
17.5  -2.5921 0.237749
17.52 -2.594 0.279224
17.54 -2.57659 0.321648
17.56 -2.58618 0.318193
17.58 -2.58877 0.330724
17.6  -2.5874 0.339142
17.62 -2.56367 0.343195
17.64 -2.57438 0.336386
17.66 -2.58187 0.320473
17.68 -2.56025 0.32407
17.7  -2.5559 0.353585
17.72 -2.54623 0.357482
17.74 -2.55434 0.355823
17.76 -2.55972 0.379342
17.78 -2.55195 0.384375
17.8  -2.5437 0.38241
17.82 -2.53773 0.368354
17.84 -2.5307 0.357904
17.86 -2.54204 0.339746
17.88 -2.53535 0.326175
17.9  -2.54094 0.29288
17.92 -2.52832 0.284536
17.94 -2.53046 0.287803
17.96 -2.51681 0.260031
17.98 -2.52496 0.239217
18    -2.52391 0.203016
18.02 -2.51968 0.22747
18.04 -2.51227 0.256774
18.06 -2.51533 0.277719
18.08 -2.49154 0.300286
18.1  -2.50475 0.312067
18.12 -2.49066 0.303437
18.14 -2.49448 0.335123
18.16 -2.50727 0.354725
18.18 -2.5098 0.363692
18.2  -2.47007 0.37092
18.22 -2.47765 0.382912
18.24 -2.5103 0.397551
18.26 -2.46979 0.367019
18.28 -2.47781 0.37026
18.3  -2.48513 0.359776
18.32 -2.45669 0.328741
18.34 -2.4827 0.31891
18.36 -2.4725 0.294176
18.38 -2.46553 0.306703
18.4  -2.45971 0.303158
18.42 -2.45462 0.302414
18.44 -2.44993 0.291136
18.46 -2.43399 0.261395
18.48 -2.45298 0.239276
18.5  -2.44474 0.208671
18.52 -2.45441 0.23203
18.54 -2.44703 0.242789
18.56 -2.43669 0.25972
18.58 -2.43913 0.260944
18.6  -2.43763 0.291639
18.62 -2.42312 0.334953
18.64 -2.41523 0.328045
18.66 -2.42627 0.353309
18.68 -2.41805 0.340538
18.7  -2.41371 0.344453
18.72 -2.41162 0.345778
18.74 -2.41648 0.319528
18.76 -2.41185 0.318256
18.78 -2.41225 0.305852
18.8  -2.40927 0.294213
18.82 -2.41011 0.315307
18.84 -2.40396 0.315365
18.86 -2.40119 0.317493
18.88 -2.41424 0.32318
18.9  -2.39684 0.307799
18.92 -2.40123 0.299631
18.94 -2.40778 0.279713
18.96 -2.39844 0.260603
18.98 -2.38533 0.221362
19    -2.39332 0.164234
19.02 -2.38912 0.195619
19.04 -2.37369 0.22322
19.06 -2.38559 0.241376
19.08 -2.37169 0.271045
19.1  -2.36983 0.294442
19.12 -2.3812 0.316254
19.14 -2.38507 0.325392
19.16 -2.36997 0.334769
19.18 -2.35331 0.337583
19.2  -2.35947 0.335367
19.22 -2.36152 0.328882
19.24 -2.36675 0.323825
19.26 -2.34791 0.32922
19.28 -2.35698 0.326349
19.3  -2.33857 0.344179
19.32 -2.35984 0.334357
19.34 -2.34288 0.324179
19.36 -2.34576 0.31689
19.38 -2.33514 0.311474
19.4  -2.33784 0.278193
19.42 -2.31962 0.246024
19.44 -2.34051 0.219864
19.46 -2.33573 0.182722
19.48 -2.32223 0.16269
19.5  -2.32414 0.145946
19.52 -2.31637 0.219401
19.54 -2.31659 0.26658
19.56 -2.31385 0.274645
19.58 -2.32581 0.295612
19.6  -2.32097 0.317865
19.62 -2.31095 0.326218
19.64 -2.30081 0.316053
19.66 -2.29923 0.318834
19.68 -2.29552 0.3035
19.7  -2.29768 0.314373
19.72 -2.30233 0.317727
19.74 -2.30074 0.326563
19.76 -2.29077 0.330585
19.78 -2.28249 0.325475
19.8  -2.28223 0.310589
19.82 -2.30102 0.316924
19.84 -2.26955 0.301128
19.86 -2.28301 0.292989
19.88 -2.27048 0.266665
19.9  -2.29962 0.256824
19.92 -2.27182 0.232862
19.94 -2.25983 0.233311
19.96 -2.26914 0.230426
19.98 -2.26994 0.222359
20    -2.2599 0.203953
20.02 -2.24955 0.253099
20.04 -2.2616 0.270428
20.06 -2.25498 0.276127
20.08 -2.26676 0.282362
20.1  -2.2696 0.279316
20.12 -2.26773 0.275096
20.14 -2.26928 0.271433
20.16 -2.23369 0.29863
20.18 -2.25195 0.302644
20.2  -2.2419 0.337182
20.22 -2.24809 0.33849
20.24 -2.2388 0.330357
20.26 -2.2412 0.331376
20.28 -2.22965 0.333853
20.3  -2.21663 0.311823
20.32 -2.22858 0.321344
20.34 -2.24071 0.299022
20.36 -2.23881 0.274188
20.38 -2.22232 0.271842
20.4  -2.22932 0.273905
20.42 -2.21998 0.26536
20.44 -2.21292 0.247221
20.46 -2.20713 0.223798
20.48 -2.20821 0.191857
20.5  -2.20483 0.140598
20.52 -2.21831 0.195599
20.54 -2.20839 0.213981
20.56 -2.21173 0.226736
20.58 -2.19616 0.238277
20.6  -2.19608 0.264863
20.62 -2.19839 0.276287
20.64 -2.18668 0.303223
20.66 -2.20018 0.313377
20.68 -2.19972 0.326921
20.7  -2.18489 0.337388
20.72 -2.19474 0.337479
20.74 -2.19149 0.332542
20.76 -2.1819 0.325866
20.78 -2.1772 0.308557
20.8  -2.16524 0.291267
20.82 -2.17279 0.290935
20.84 -2.17637 0.279649
20.86 -2.16654 0.263461
20.88 -2.17572 0.275121
20.9  -2.16638 0.249194
20.92 -2.16223 0.252797
20.94 -2.16484 0.246421
20.96 -2.15609 0.206546
20.98 -2.16006 0.209686
21    -2.15916 0.141286
21.02 -2.14205 0.187099
21.04 -2.14527 0.207809
21.06 -2.15972 0.239342
21.08 -2.14602 0.267434
21.1  -2.12868 0.303882
21.12 -2.13703 0.316226
21.14 -2.15772 0.304247
21.16 -2.14433 0.315126
21.18 -2.15038 0.315805
21.2  -2.13727 0.30866
21.22 -2.13345 0.308395
21.24 -2.11987 0.312685
21.26 -2.1291 0.303184
21.28 -2.13741 0.313059
21.3  -2.12881 0.315871
21.32 -2.1342 0.325242
21.34 -2.1393 0.315114
21.36 -2.1164 0.306705
21.38 -2.12184 0.30072
21.4  -2.10307 0.276547
21.42 -2.09669 0.258349
21.44 -2.11331 0.225198
21.46 -2.1102 0.194439
21.48 -2.1015 0.152571
21.5  -2.10518 0.122175
21.52 -2.10125 0.185845
21.54 -2.10524 0.203966
21.56 -2.10858 0.220775
21.58 -2.09443 0.249194
21.6  -2.09027 0.265006
21.62 -2.08704 0.276334
21.64 -2.09177 0.283813
21.66 -2.08654 0.279227
21.68 -2.08935 0.290564
21.7  -2.09402 0.29135
21.72 -2.08252 0.294275
21.74 -2.09052 0.318599
21.76 -2.09049 0.324633
21.78 -2.08079 0.30588
21.8  -2.09118 0.321298
21.82 -2.08639 0.320969
21.84 -2.06632 0.297812
21.86 -2.08509 0.282689
21.88 -2.07255 0.273325
21.9  -2.0684 0.245072
21.92 -2.07335 0.209174
21.94 -2.06467 0.201541
21.96 -2.06279 0.19133
21.98 -2.06115 0.184002
22    -2.06386 0.15794
22.02 -2.05799 0.194736
22.04 -2.05235 0.227373
22.06 -2.0578 0.226639
22.08 -2.06826 0.236785
22.1  -2.04801 0.254865
22.12 -2.03884 0.27416
22.14 -2.04715 0.249522
22.16 -2.04688 0.258655
22.18 -2.03386 0.279239
22.2  -2.02543 0.294954
22.22 -2.05161 0.294291
22.24 -2.04061 0.289609
22.26 -2.04814 0.290346
22.28 -2.03614 0.291324
22.3  -2.03644 0.293341
22.32 -2.03041 0.290289
22.34 -2.02926 0.280816
22.36 -2.02035 0.2494
22.38 -2.02655 0.254092
22.4  -2.01437 0.243248
22.42 -2.02085 0.24909
22.44 -2.01384 0.227826
22.46 -2.01268 0.215342
22.48 -2.02223 0.201511
22.5  -2.00704 0.176109
22.52 -2.00212 0.193426
22.54 -2.01484 0.201449
22.56 -2.01009 0.20619
22.58 -2.00631 0.206082
22.6  -1.99484 0.208564
22.62 -2.00995 0.223857
22.64 -2.02067 0.222038
22.66 -1.99113 0.254282
22.68 -1.99715 0.268997
22.7  -1.9859 0.275807
22.72 -1.98822 0.289002
22.74 -2.00285 0.273576
22.76 -1.99024 0.278598
22.78 -1.97286 0.277595
22.8  -1.99655 0.271904
22.82 -1.98297 0.258583
22.84 -1.98383 0.260467
22.86 -1.9964 0.257361
22.88 -1.98463 0.258712
22.9  -1.97041 0.246002
22.92 -1.98511 0.238797
22.94 -1.97164 0.223144
22.96 -1.97664 0.199199
22.98 -1.96403 0.156313
23    -1.97257 0.12009
23.02 -1.97242 0.143811
23.04 -1.95432 0.171944
23.06 -1.96255 0.200514
23.08 -1.95592 0.222721
23.1  -1.96253 0.237058
23.12 -1.96778 0.248365
23.14 -1.96711 0.261802
23.16 -1.94527 0.269406
23.18 -1.9579 0.269939
23.2  -1.96227 0.277673
23.22 -1.97147 0.278046
23.24 -1.94804 0.274588
23.26 -1.95633 0.267819
23.28 -1.93375 0.255868
23.3  -1.94341 0.256956
23.32 -1.94731 0.25899
23.34 -1.92899 0.261214
23.36 -1.93313 0.245542
23.38 -1.92815 0.258994
23.4  -1.92544 0.241956
23.42 -1.92498 0.220454
23.44 -1.93622 0.212125
23.46 -1.93028 0.18666
23.48 -1.93117 0.142929
23.5  -1.92295 0.106265
23.52 -1.9304 0.150796
23.54 -1.92457 0.177761
23.56 -1.91697 0.218835
23.58 -1.91485 0.221455
23.6  -1.91287 0.240597
23.62 -1.91944 0.244479
23.64 -1.91495 0.251714
23.66 -1.91834 0.242702
23.68 -1.91588 0.239178
23.7  -1.90091 0.238112
23.72 -1.90688 0.239953
23.74 -1.90386 0.244868
23.76 -1.91024 0.263554
23.78 -1.91782 0.259973
23.8  -1.91048 0.265303
23.82 -1.91088 0.267209
23.84 -1.88309 0.252448
23.86 -1.88695 0.245049
23.88 -1.90251 0.232227
23.9  -1.89496 0.223584
23.92 -1.9047 0.21005
23.94 -1.90429 0.186077
23.96 -1.888 0.166343
23.98 -1.88885 0.152735
24    -1.88868 0.125207
24.02 -1.89075 0.157417
24.04 -1.88638 0.174522
24.06 -1.88476 0.201914
24.08 -1.87731 0.216315
24.1  -1.88194 0.227668
24.12 -1.8884 0.230584
24.14 -1.87324 0.23121
24.16 -1.87901 0.245485
24.18 -1.87532 0.246765
24.2  -1.86588 0.260513
24.22 -1.86944 0.267284
24.24 -1.8714 0.265972
24.26 -1.86082 0.267688
24.28 -1.86053 0.26192
24.3  -1.86602 0.263471
24.32 -1.85962 0.254361
24.34 -1.86076 0.241712
24.36 -1.85982 0.222912
24.38 -1.84795 0.197386
24.4  -1.86473 0.199035
24.42 -1.85851 0.20793
24.44 -1.84322 0.195149
24.46 -1.85676 0.18942
24.48 -1.84561 0.170877
24.5  -1.8495 0.14344
24.52 -1.853 0.175309
24.54 -1.83053 0.183045
24.56 -1.84962 0.197835
24.58 -1.84092 0.203185
24.6  -1.843 0.204544
24.62 -1.84148 0.220783
24.64 -1.83292 0.238857
24.66 -1.84177 0.245253
24.68 -1.81923 0.248763
24.7  -1.82971 0.248199
24.72 -1.8374 0.261428
24.74 -1.82862 0.250686
24.76 -1.83459 0.248492
24.78 -1.83309 0.25479
24.8  -1.82627 0.250891
24.82 -1.83907 0.23933
24.84 -1.82619 0.233954
24.86 -1.82111 0.235602
24.88 -1.81441 0.22955
24.9  -1.8317 0.223128
24.92 -1.81804 0.224435
24.94 -1.81951 0.205566
24.96 -1.8095 0.184559
24.98 -1.80867 0.157391
25    -1.81072 0.129295
25.02 -1.80936 0.15254
25.04 -1.8033 0.15373
25.06 -1.81224 0.163416
25.08 -1.80175 0.194517
25.1  -1.81001 0.197663
25.12 -1.7972 0.229206
25.14 -1.79625 0.233457
25.16 -1.79398 0.256162
25.18 -1.79124 0.250393
25.2  -1.80438 0.252838
25.22 -1.80232 0.250641
25.24 -1.78439 0.243028
25.26 -1.79997 0.240998
25.28 -1.78762 0.236025
25.3  -1.79409 0.249845
25.32 -1.78227 0.246082
25.34 -1.78815 0.243642
25.36 -1.7824 0.253613
25.38 -1.78501 0.233791
25.4  -1.77673 0.224356
25.42 -1.78022 0.207022
25.44 -1.77446 0.182445
25.46 -1.78552 0.151617
25.48 -1.77302 0.126621
25.5  -1.77645 0.0745148
25.52 -1.77392 0.135175
25.54 -1.7672 0.175105
25.56 -1.78276 0.186094
25.58 -1.77369 0.207643
25.6  -1.76477 0.21765
25.62 -1.77147 0.222268
25.64 -1.77459 0.222446
25.66 -1.75924 0.229255
25.68 -1.76506 0.219912
25.7  -1.76464 0.216946
25.72 -1.75788 0.218454
25.74 -1.74865 0.218044
25.76 -1.74493 0.239004
25.78 -1.75476 0.227215
25.8  -1.77216 0.232281
25.82 -1.7511 0.233009
25.84 -1.76608 0.230453
25.86 -1.74909 0.229733
25.88 -1.75492 0.205469
25.9  -1.74142 0.200027
25.92 -1.74866 0.188273
25.94 -1.74939 0.168409
25.96 -1.75602 0.156896
25.98 -1.74324 0.143542
26    -1.74789 0.136766
26.02 -1.74207 0.168457
26.04 -1.73333 0.188556
26.06 -1.73407 0.204703
26.08 -1.7252 0.202829
26.1  -1.73776 0.199886
26.12 -1.73401 0.212303
26.14 -1.72954 0.206345
26.16 -1.72972 0.198911
26.18 -1.73508 0.208674
26.2  -1.7323 0.23339
26.22 -1.7367 0.228672
26.24 -1.7297 0.240151
26.26 -1.72746 0.247657
26.28 -1.71948 0.242094
26.3  -1.72408 0.234896
26.32 -1.72079 0.236448
26.34 -1.73287 0.223791
26.36 -1.70869 0.212918
26.38 -1.71779 0.199316
26.4  -1.71166 0.186844
26.42 -1.71544 0.184686
26.44 -1.71614 0.169661
26.46 -1.70423 0.166334
26.48 -1.70675 0.151058
26.5  -1.70871 0.123796
26.52 -1.7128 0.143361
26.54 -1.7093 0.171053
26.56 -1.71084 0.179959
26.58 -1.70819 0.198913
26.6  -1.7021 0.19454
26.62 -1.7066 0.198002
26.64 -1.69684 0.215583
26.66 -1.69259 0.229386
26.68 -1.69272 0.234169
26.7  -1.68854 0.245527
26.72 -1.68427 0.240443
26.74 -1.6818 0.233861
26.76 -1.69203 0.24305
26.78 -1.68497 0.21702
26.8  -1.69145 0.223514
26.82 -1.69196 0.197481
26.84 -1.68221 0.192025
26.86 -1.69546 0.192369
26.88 -1.68617 0.19715
26.9  -1.67774 0.193919
26.92 -1.67506 0.191769
26.94 -1.68237 0.187166
26.96 -1.67832 0.179719
26.98 -1.67794 0.163332
27    -1.67435 0.139607
27.02 -1.67157 0.15711
27.04 -1.67722 0.16716
27.06 -1.67566 0.169107
27.08 -1.6749 0.184631
27.1  -1.67663 0.212084
27.12 -1.6603 0.219223
27.14 -1.66262 0.22779
27.16 -1.67478 0.230959
27.18 -1.65732 0.236555
27.2  -1.6565 0.236879
27.22 -1.67097 0.230994
27.24 -1.67223 0.23035
27.26 -1.66071 0.220826
27.28 -1.65592 0.216611
27.3  -1.65703 0.216294
27.32 -1.65416 0.227731
27.34 -1.6568 0.215105
27.36 -1.65244 0.21569
27.38 -1.64246 0.212057
27.4  -1.65963 0.220425
27.42 -1.64097 0.196176
27.44 -1.64962 0.178171
27.46 -1.64859 0.157584
27.48 -1.64856 0.134462
27.5  -1.65114 0.0856209
27.52 -1.64327 0.121906
27.54 -1.63831 0.158326
27.56 -1.64245 0.177634
27.58 -1.6366 0.194235
27.6  -1.64609 0.193936
27.62 -1.63975 0.221967
27.64 -1.63515 0.225303
27.66 -1.63972 0.226132
27.68 -1.62736 0.234252
27.7  -1.6387 0.228533
27.72 -1.6383 0.215213
27.74 -1.64218 0.221543
27.76 -1.641 0.225974
27.78 -1.62576 0.224477
27.8  -1.62241 0.228028
27.82 -1.63151 0.220532
27.84 -1.62716 0.219207
27.86 -1.62832 0.215549
27.88 -1.61507 0.202093
27.9  -1.62458 0.184984
27.92 -1.6229 0.170046
27.94 -1.62921 0.146732
27.96 -1.62317 0.129422
27.98 -1.6147 0.111175
28    -1.61709 0.108072
28.02 -1.61044 0.156808
28.04 -1.61762 0.17232
28.06 -1.60809 0.196865
28.08 -1.60831 0.204921
28.1  -1.6116 0.214181
28.12 -1.60116 0.222216
28.14 -1.61493 0.217493
28.16 -1.6157 0.214059
28.18 -1.60818 0.209727
28.2  -1.597 0.218392
28.22 -1.61798 0.231609
28.24 -1.60238 0.2275
28.26 -1.60452 0.23367
28.28 -1.60699 0.220958
28.3  -1.5885 0.21987
28.32 -1.60451 0.223362
28.34 -1.5925 0.218279
28.36 -1.58998 0.214519
28.38 -1.59871 0.19777
28.4  -1.5899 0.178768
28.42 -1.58721 0.173992
28.44 -1.58217 0.169655
28.46 -1.59828 0.164522
28.48 -1.58651 0.144324
28.5  -1.59189 0.12963
28.52 -1.58758 0.157039
28.54 -1.5916 0.162982
28.56 -1.57895 0.173425
28.58 -1.58514 0.178118
28.6  -1.58945 0.174931
28.62 -1.57962 0.180697
28.64 -1.57761 0.186509
28.66 -1.57461 0.211076
28.68 -1.58407 0.216311
28.7  -1.57306 0.222324
28.72 -1.56206 0.230357
28.74 -1.5818 0.236334
28.76 -1.5701 0.231745
28.78 -1.5743 0.228763
28.8  -1.58158 0.229376
28.82 -1.56336 0.220024
28.84 -1.57028 0.203641
28.86 -1.57324 0.194479
28.88 -1.56713 0.190337
28.9  -1.57245 0.197587
28.92 -1.56727 0.180696
28.94 -1.56877 0.183937
28.96 -1.55686 0.153051
28.98 -1.5646 0.140897
29    -1.56038 0.107524
29.02 -1.55362 0.14147
29.04 -1.5587 0.147638
29.06 -1.55735 0.160195
29.08 -1.55089 0.172536
29.1  -1.56565 0.183645
29.12 -1.55605 0.194193
29.14 -1.55292 0.210866
29.16 -1.5593 0.212744
29.18 -1.54072 0.238717
29.2  -1.55494 0.236495
29.22 -1.55747 0.215934
29.24 -1.54955 0.222459
29.26 -1.54604 0.212591
29.28 -1.54977 0.210151
29.3  -1.5371 0.197958
29.32 -1.54585 0.189802
29.34 -1.54695 0.192337
29.36 -1.54185 0.196836
29.38 -1.53446 0.198604
29.4  -1.53643 0.194196
29.42 -1.52575 0.184344
29.44 -1.53863 0.174152
29.46 -1.52866 0.158141
29.48 -1.53693 0.145253
29.5  -1.53636 0.110067
29.52 -1.53286 0.123847
29.54 -1.52384 0.151092
29.56 -1.53848 0.165766
29.58 -1.52469 0.185632
29.6  -1.5157 0.197285
29.62 -1.53318 0.2032
29.64 -1.53065 0.20556
29.66 -1.52224 0.209341
29.68 -1.53001 0.208202
29.7  -1.53169 0.202272
29.72 -1.51456 0.201289
29.74 -1.52438 0.199979
29.76 -1.52432 0.204698
29.78 -1.52096 0.201873
29.8  -1.52108 0.216399
29.82 -1.52107 0.211575
29.84 -1.51023 0.21655
29.86 -1.5259 0.212467
29.88 -1.52328 0.212777
29.9  -1.51585 0.19302
29.92 -1.51279 0.169497
29.94 -1.51398 0.150965
29.96 -1.50862 0.126257
29.98 -1.51335 0.103663
30    -1.50382 0.0848959
30.02 -1.50142 0.141324
30.04 -1.50101 0.148176
30.06 -1.51716 0.154097
30.08 -1.49441 0.190821
30.1  -1.51318 0.190915
30.12 -1.50761 0.201592
30.14 -1.50097 0.20327
30.16 -1.49632 0.212137
30.18 -1.51336 0.209493
30.2  -1.49883 0.210475
30.22 -1.49681 0.216862
30.24 -1.49327 0.223038
30.26 -1.4948 0.217267
30.28 -1.50022 0.225191
30.3  -1.49795 0.218041
30.32 -1.48116 0.222322
30.34 -1.49792 0.20473
30.36 -1.49342 0.194531
30.38 -1.49636 0.176648
30.4  -1.49441 0.169344
30.42 -1.49075 0.140922
30.44 -1.48719 0.14145
30.46 -1.49403 0.140225
30.48 -1.48901 0.128647
30.5  -1.48006 0.120324
30.52 -1.48214 0.145467
30.54 -1.48042 0.163855
30.56 -1.48289 0.168048
30.58 -1.47991 0.18428
30.6  -1.48279 0.179257
30.62 -1.47318 0.18963
30.64 -1.47406 0.187065
30.66 -1.47377 0.193111
30.68 -1.48028 0.203339
30.7  -1.48205 0.210614
30.72 -1.47464 0.210559
30.74 -1.46884 0.220392
30.76 -1.47299 0.207868
30.78 -1.46647 0.203655
30.8  -1.46781 0.204339
30.82 -1.47087 0.20288
30.84 -1.46296 0.195076
30.86 -1.46968 0.181769
30.88 -1.46754 0.182044
30.9  -1.46457 0.178728
30.92 -1.46198 0.169135
30.94 -1.45903 0.170811
30.96 -1.47172 0.154544
30.98 -1.46348 0.141878
31    -1.46238 0.118328
31.02 -1.45479 0.135875
31.04 -1.46344 0.140812
31.06 -1.45709 0.150918
31.08 -1.45405 0.155314
31.1  -1.45875 0.155471
31.12 -1.4553 0.176935
31.14 -1.44636 0.190536
31.16 -1.45147 0.204537
31.18 -1.45283 0.216521
31.2  -1.46055 0.214054
31.22 -1.45838 0.218053
31.24 -1.45882 0.21957
31.26 -1.44013 0.219444
31.28 -1.44625 0.217554
31.3  -1.44885 0.200647
31.32 -1.44444 0.198395
31.34 -1.44078 0.197512
31.36 -1.44897 0.197792
31.38 -1.44259 0.190869
31.4  -1.43608 0.188033
31.42 -1.43821 0.164813
31.44 -1.45412 0.167315
31.46 -1.43584 0.128789
31.48 -1.4402 0.114789
31.5  -1.43788 0.0943255
31.52 -1.42925 0.118699
31.54 -1.43626 0.12173
31.56 -1.42975 0.151431
31.58 -1.43371 0.165034
31.6  -1.42139 0.188416
31.62 -1.43727 0.191991
31.64 -1.42613 0.198445
31.66 -1.43239 0.211755
31.68 -1.43276 0.205048
31.7  -1.43059 0.205796
31.72 -1.41351 0.205752
31.74 -1.43079 0.199047
31.76 -1.41696 0.18838
31.78 -1.44017 0.195777
31.8  -1.41738 0.199659
31.82 -1.41178 0.192356
31.84 -1.42123 0.195736
31.86 -1.41599 0.196255
31.88 -1.41806 0.190474
31.9  -1.42151 0.186201
31.92 -1.42011 0.170738
31.94 -1.41527 0.155805
31.96 -1.41841 0.136969
31.98 -1.42098 0.117078
32    -1.41634 0.091592
32.02 -1.41619 0.126356
32.04 -1.41432 0.146871
32.06 -1.40966 0.164777
32.08 -1.4067 0.165685
32.1  -1.39991 0.18036
32.12 -1.41003 0.177961
32.14 -1.4078 0.185586
32.16 -1.39662 0.185262
32.18 -1.41462 0.180897
32.2  -1.41628 0.181197
32.22 -1.39592 0.189909
32.24 -1.40063 0.202431
32.26 -1.40816 0.206858
32.28 -1.39478 0.207706
32.3  -1.39258 0.199993
32.32 -1.40264 0.209633
32.34 -1.39351 0.20752
32.36 -1.3969 0.202981
32.38 -1.39717 0.191947
32.4  -1.39922 0.16997
32.42 -1.40639 0.168599
32.44 -1.39179 0.134623
32.46 -1.39887 0.13853
32.48 -1.39472 0.120293
32.5  -1.3998 0.0907425
32.52 -1.39174 0.10965
32.54 -1.3922 0.129625
32.56 -1.3852 0.142201
32.58 -1.3883 0.147569
32.6  -1.38544 0.16503
32.62 -1.39124 0.166411
32.64 -1.38711 0.165511
32.66 -1.39237 0.170429
32.68 -1.38935 0.188899
32.7  -1.38037 0.190365
32.72 -1.38367 0.199038
32.74 -1.37273 0.198143
32.76 -1.39532 0.195153
32.78 -1.38195 0.197403
32.8  -1.38653 0.193636
32.82 -1.37367 0.186561
32.84 -1.37058 0.176099
32.86 -1.37929 0.155725
32.88 -1.38413 0.153198
32.9  -1.37757 0.159056
32.92 -1.37753 0.157467
32.94 -1.37757 0.152949
32.96 -1.37538 0.135037
32.98 -1.36583 0.119472
33    -1.37513 0.103707
33.02 -1.36772 0.128505
33.04 -1.3677 0.135092
33.06 -1.38123 0.13576
33.08 -1.36812 0.147235
33.1  -1.36786 0.152075
33.12 -1.36584 0.163029
33.14 -1.36627 0.169114
33.16 -1.37438 0.180191
33.18 -1.36342 0.183236
33.2  -1.36649 0.184273
33.22 -1.36746 0.179279
33.24 -1.36036 0.175928
33.26 -1.36461 0.18123
33.28 -1.35546 0.182194
33.3  -1.36933 0.178714
33.32 -1.35637 0.173568
33.34 -1.36702 0.175108
33.36 -1.35703 0.175472
33.38 -1.35006 0.173758
33.4  -1.35651 0.169651
33.42 -1.3578 0.16254
33.44 -1.36372 0.161131
33.46 -1.35852 0.140347
33.48 -1.34789 0.112673
33.5  -1.35105 0.0915768
33.52 -1.35294 0.107532
33.54 -1.35379 0.104624
33.56 -1.35141 0.12386
33.58 -1.3517 0.141771
33.6  -1.35448 0.149701
33.62 -1.34902 0.161876
33.64 -1.34641 0.174282
33.66 -1.34738 0.184585
33.68 -1.34291 0.184944
33.7  -1.34543 0.183127
33.72 -1.34043 0.183023
33.74 -1.34635 0.182283
33.76 -1.34861 0.178706
33.78 -1.34166 0.175254
33.8  -1.34311 0.179364
33.82 -1.33715 0.179751
33.84 -1.3319 0.169649
33.86 -1.33955 0.175726
33.88 -1.33135 0.162462
33.9  -1.33691 0.156566
33.92 -1.33499 0.1369
33.94 -1.33122 0.12989
33.96 -1.34026 0.11555
33.98 -1.33103 0.0919327
34    -1.33392 0.0613148
34.02 -1.33222 0.111232
34.04 -1.32957 0.136855
34.06 -1.33088 0.147878
34.08 -1.33441 0.149972
34.1  -1.32285 0.177591
34.12 -1.32364 0.182748
34.14 -1.31541 0.187624
34.16 -1.32923 0.173446
34.18 -1.33467 0.174623
34.2  -1.33648 0.170391
34.22 -1.32521 0.172598
34.24 -1.32896 0.175988
34.26 -1.33095 0.182254
34.28 -1.32578 0.187651
34.3  -1.32465 0.175267
34.32 -1.32085 0.182445
34.34 -1.32378 0.176847
34.36 -1.32517 0.17658
34.38 -1.32062 0.165554
34.4  -1.32311 0.15857
34.42 -1.31927 0.145829
34.44 -1.31606 0.128728
34.46 -1.31652 0.124295
34.48 -1.31241 0.119507
34.5  -1.3177 0.103041
34.52 -1.31154 0.126103
34.54 -1.31673 0.13725
34.56 -1.30257 0.1525
34.58 -1.31452 0.15324
34.6  -1.31594 0.152772
34.62 -1.31115 0.154728
34.64 -1.30112 0.150699
34.66 -1.30208 0.148923
34.68 -1.30464 0.163563
34.7  -1.31159 0.165373
34.72 -1.30812 0.186232
34.74 -1.31101 0.178806
34.76 -1.31004 0.180274
34.78 -1.30524 0.188734
34.8  -1.30959 0.183981
34.82 -1.30827 0.181012
34.84 -1.29273 0.172694
34.86 -1.29883 0.165343
34.88 -1.30352 0.150531
34.9  -1.29857 0.145299
34.92 -1.29898 0.145608
34.94 -1.29764 0.140838
34.96 -1.29425 0.12174
34.98 -1.29492 0.110388
35    -1.29384 0.0894988
35.02 -1.29341 0.113697
35.04 -1.2881 0.127027
35.06 -1.29288 0.133045
35.08 -1.29031 0.144904
35.1  -1.28746 0.149377
35.12 -1.29525 0.146908
35.14 -1.28502 0.164906
35.16 -1.28986 0.174211
35.18 -1.29279 0.176998
35.2  -1.28675 0.185851
35.22 -1.27587 0.186553
35.24 -1.29412 0.187525
35.26 -1.29563 0.182822
35.28 -1.27726 0.180258
35.3  -1.28258 0.169857
35.32 -1.29658 0.166026
35.34 -1.28367 0.151373
35.36 -1.2825 0.152211
35.38 -1.28332 0.167404
35.4  -1.27991 0.150516
35.42 -1.28326 0.148894
35.44 -1.28243 0.144734
35.46 -1.28027 0.135518
35.48 -1.27949 0.122846
35.5  -1.27809 0.0926354
35.52 -1.27935 0.111459
35.54 -1.27843 0.110887
35.56 -1.27206 0.122456
35.58 -1.27816 0.131561
35.6  -1.27213 0.149098
35.62 -1.27006 0.164012
35.64 -1.26923 0.159178
35.66 -1.26834 0.181029
35.68 -1.26541 0.167485
35.7  -1.26888 0.168889
35.72 -1.26672 0.170501
35.74 -1.26144 0.167972
35.76 -1.26983 0.164941
35.78 -1.26852 0.160094
35.8  -1.26319 0.168034
35.82 -1.27304 0.17464
35.84 -1.27075 0.174648
35.86 -1.262 0.170481
35.88 -1.25321 0.164283
35.9  -1.26404 0.160395
35.92 -1.26561 0.150112
35.94 -1.26206 0.134865
35.96 -1.26454 0.119819
35.98 -1.26364 0.103655
36    -1.25641 0.0562649
36.02 -1.25728 0.0862056
36.04 -1.25501 0.110144
36.06 -1.25873 0.122885
36.08 -1.26525 0.13952
36.1  -1.25699 0.154554
36.12 -1.25498 0.159976
36.14 -1.26545 0.165783
36.16 -1.24878 0.169928
36.18 -1.25106 0.157773
36.2  -1.24471 0.167893
36.22 -1.25322 0.161896
36.24 -1.24892 0.164835
36.26 -1.24718 0.17186
36.28 -1.24962 0.168482
36.3  -1.25017 0.173981
36.32 -1.2447 0.171738
36.34 -1.24516 0.176967
36.36 -1.24554 0.165761
36.38 -1.25417 0.155574
36.4  -1.24381 0.142575
36.42 -1.24828 0.12484
36.44 -1.24397 0.113962
36.46 -1.24496 0.0996596
36.48 -1.24265 0.0954241
36.5  -1.23754 0.0838029
36.52 -1.23687 0.120121
36.54 -1.24304 0.134902
36.56 -1.24251 0.134692
36.58 -1.23687 0.155642
36.6  -1.23079 0.155263
36.62 -1.23936 0.157479
36.64 -1.23653 0.160345
36.66 -1.24222 0.151827
36.68 -1.23712 0.155808
36.7  -1.22957 0.154344
36.72 -1.23221 0.160583
36.74 -1.23781 0.164683
36.76 -1.23164 0.165138
36.78 -1.23281 0.161507
36.8  -1.23357 0.164407
36.82 -1.24036 0.157191
36.84 -1.23346 0.15793
36.86 -1.22882 0.153282
36.88 -1.23056 0.143036
36.9  -1.23072 0.127765
36.92 -1.22378 0.125031
36.94 -1.23065 0.12608
36.96 -1.22999 0.1166
36.98 -1.23098 0.115463
37    -1.22513 0.10162
37.02 -1.22763 0.113697
37.04 -1.22228 0.131013
37.06 -1.22565 0.131415
37.08 -1.21846 0.136181
37.1  -1.2241 0.131651
37.12 -1.214 0.133489
37.14 -1.22362 0.147155
37.16 -1.21685 0.160064
37.18 -1.22034 0.166493
37.2  -1.21581 0.175102
37.22 -1.224 0.173168
37.24 -1.22012 0.183232
37.26 -1.21757 0.175839
37.28 -1.21979 0.179855
37.3  -1.21141 0.17042
37.32 -1.21318 0.150183
37.34 -1.20862 0.146728
37.36 -1.21772 0.145573
37.38 -1.20885 0.141606
37.4  -1.21371 0.141534
37.42 -1.20668 0.135933
37.44 -1.20488 0.122996
37.46 -1.21056 0.115879
37.48 -1.20829 0.0970163
37.5  -1.21063 0.0828846
37.52 -1.20475 0.100278
37.54 -1.20812 0.112925
37.56 -1.20457 0.127642
37.58 -1.20056 0.132654
37.6  -1.2028 0.143037
37.62 -1.21265 0.155
37.64 -1.20541 0.160023
37.66 -1.20824 0.168536
37.68 -1.20893 0.169206
37.7  -1.20245 0.172077
37.72 -1.20247 0.17536
37.74 -1.20375 0.171162
37.76 -1.20031 0.161411
37.78 -1.2053 0.155317
37.8  -1.19882 0.145889
37.82 -1.19523 0.149092
37.84 -1.19062 0.153509
37.86 -1.19181 0.149624
37.88 -1.18841 0.14777
37.9  -1.18953 0.141579
37.92 -1.19349 0.137986
37.94 -1.19325 0.128132
37.96 -1.19861 0.12345
37.98 -1.19414 0.0978527
38    -1.19324 0.0712084
38.02 -1.18838 0.0867138
38.04 -1.19179 0.106746
38.06 -1.19413 0.129877
38.08 -1.18923 0.142377
38.1  -1.19846 0.160507
38.12 -1.19035 0.156634
38.14 -1.18728 0.16457
38.16 -1.19305 0.166098
38.18 -1.19679 0.16115
38.2  -1.18503 0.164458
38.22 -1.19332 0.164279
38.24 -1.18797 0.157964
38.26 -1.17567 0.161061
38.28 -1.18609 0.164862
38.3  -1.18528 0.164716
38.32 -1.1797 0.166759
38.34 -1.17731 0.163114
38.36 -1.18015 0.161746
38.38 -1.18843 0.150329
38.4  -1.1759 0.146703
38.42 -1.17975 0.129544
38.44 -1.17954 0.113975
38.46 -1.18201 0.0952187
38.48 -1.18087 0.0836442
38.5  -1.17682 0.0704105
38.52 -1.17668 0.093977
38.54 -1.17423 0.108884
38.56 -1.17645 0.12757
38.58 -1.17589 0.144183
38.6  -1.17443 0.149361
38.62 -1.17241 0.150387
38.64 -1.17569 0.154719
38.66 -1.18272 0.157067
38.68 -1.16771 0.153954
38.7  -1.16786 0.15682
38.72 -1.1687 0.1652
38.74 -1.17138 0.164903
38.76 -1.17172 0.172911
38.78 -1.16778 0.177471
38.8  -1.16155 0.162279
38.82 -1.16831 0.161007
38.84 -1.16296 0.156078
38.86 -1.15881 0.141746
38.88 -1.17055 0.137624
38.9  -1.16399 0.123664
38.92 -1.16392 0.117837
38.94 -1.15598 0.113566
38.96 -1.16072 0.109415
38.98 -1.16652 0.101011
39    -1.16465 0.0870877
39.02 -1.16328 0.114815
39.04 -1.16361 0.119452
39.06 -1.15999 0.127856
39.08 -1.17161 0.122774
39.1  -1.15839 0.145206
39.12 -1.16644 0.139718
39.14 -1.1588 0.140524
39.16 -1.15243 0.154057
39.18 -1.16132 0.162767
39.2  -1.16358 0.156396
39.22 -1.14892 0.166833
39.24 -1.15514 0.163551
39.26 -1.15075 0.169096
39.28 -1.14544 0.169534
39.3  -1.15089 0.168195
39.32 -1.158 0.15968
39.34 -1.15053 0.152246
39.36 -1.14724 0.142336
39.38 -1.15302 0.148176
39.4  -1.14497 0.135879
39.42 -1.15287 0.139329
39.44 -1.15523 0.135795
39.46 -1.14539 0.114775
39.48 -1.14187 0.102693
39.5  -1.14542 0.0899359
39.52 -1.14365 0.104919
39.54 -1.14568 0.108916
39.56 -1.14653 0.111643
39.58 -1.14725 0.10734
39.6  -1.14401 0.119089
39.62 -1.13893 0.137662
39.64 -1.13415 0.150183
39.66 -1.14027 0.161751
39.68 -1.14061 0.161194
39.7  -1.14204 0.16402
39.72 -1.13646 0.16509
39.74 -1.13819 0.168753
39.76 -1.14061 0.158164
39.78 -1.13833 0.158685
39.8  -1.14003 0.153072
39.82 -1.139 0.149965
39.84 -1.14109 0.150683
39.86 -1.12949 0.145304
39.88 -1.14608 0.140456
39.9  -1.13276 0.137712
39.92 -1.13377 0.131295
39.94 -1.13654 0.118819
39.96 -1.13995 0.108587
39.98 -1.13914 0.094043
40    -1.13213 0.0682003
40.02 -1.12932 0.0849289
40.04 -1.13337 0.0974204
40.06 -1.12975 0.119835
40.08 -1.13068 0.132877
40.1  -1.13376 0.138199
40.12 -1.1325 0.150169
40.14 -1.12819 0.153153
40.16 -1.12831 0.158268
40.18 -1.13057 0.158548
40.2  -1.129 0.160658
40.22 -1.13055 0.155411
40.24 -1.13354 0.154627
40.26 -1.1213 0.139614
40.28 -1.12563 0.14545
40.3  -1.12621 0.147601
40.32 -1.11715 0.14631
40.34 -1.12415 0.143343
40.36 -1.12178 0.154722
40.38 -1.1274 0.147922
40.4  -1.12614 0.14
40.42 -1.12758 0.132656
40.44 -1.12094 0.118808
40.46 -1.12234 0.10608
40.48 -1.11941 0.0795539
40.5  -1.1218 0.0682459
40.52 -1.12385 0.0867086
40.54 -1.1208 0.105118
40.56 -1.12146 0.124116
40.58 -1.12413 0.127787
40.6  -1.11616 0.134035
40.62 -1.11826 0.141161
40.64 -1.11512 0.146549
40.66 -1.10846 0.143832
40.68 -1.11665 0.145973
40.7  -1.11386 0.146641
40.72 -1.11042 0.147748
40.74 -1.10797 0.156684
40.76 -1.11288 0.155486
40.78 -1.11197 0.159241
40.8  -1.12131 0.164787
40.82 -1.11376 0.155859
40.84 -1.10765 0.152336
40.86 -1.1106 0.146182
40.88 -1.11178 0.140729
40.9  -1.11105 0.128387
40.92 -1.10475 0.103936
40.94 -1.10645 0.10706
40.96 -1.10809 0.0967696
40.98 -1.10289 0.0816441
41    -1.10487 0.0722772
41.02 -1.10137 0.0937746
41.04 -1.10264 0.108572
41.06 -1.10128 0.122753
41.08 -1.10259 0.134498
41.1  -1.11169 0.133096
41.12 -1.09914 0.1476
41.14 -1.10961 0.135418
41.16 -1.09968 0.148024
41.18 -1.09653 0.158737
41.2  -1.09877 0.160055
41.22 -1.09496 0.163784
41.24 -1.10241 0.164312
41.26 -1.09337 0.164126
41.28 -1.09908 0.165896
41.3  -1.10264 0.157926
41.32 -1.09723 0.153841
41.34 -1.09309 0.140304
41.36 -1.10334 0.13748
41.38 -1.09663 0.127428
41.4  -1.09837 0.127433
41.42 -1.09352 0.126719
41.44 -1.08876 0.116841
41.46 -1.08918 0.107638
41.48 -1.09315 0.101523
41.5  -1.09309 0.0878842
41.52 -1.08759 0.0985697
41.54 -1.08681 0.110192
41.56 -1.09206 0.113126
41.58 -1.08833 0.119128
41.6  -1.09493 0.116846
41.62 -1.08502 0.132907
41.64 -1.09051 0.138682
41.66 -1.09378 0.148122
41.68 -1.08687 0.148046
41.7  -1.08796 0.148274
41.72 -1.08072 0.148153
41.74 -1.08903 0.153863
41.76 -1.08288 0.152888
41.78 -1.08153 0.149265
41.8  -1.08944 0.148194
41.82 -1.08715 0.139998
41.84 -1.08135 0.145774
41.86 -1.07675 0.142685
41.88 -1.08846 0.139115
41.9  -1.07878 0.136636
41.92 -1.08417 0.133012
41.94 -1.08583 0.124896
41.96 -1.08353 0.112872
41.98 -1.07923 0.0906143
42    -1.0788 0.0681515
42.02 -1.08094 0.0803256
42.04 -1.07751 0.0808883
42.06 -1.07881 0.0948175
42.08 -1.08046 0.10721
42.1  -1.0829 0.126611
42.12 -1.07672 0.137644
42.14 -1.07499 0.146729
42.16 -1.07689 0.150183
42.18 -1.08381 0.154472
42.2  -1.07141 0.150934
42.22 -1.07069 0.154242
42.24 -1.07569 0.156355
42.26 -1.07584 0.145952
42.28 -1.07229 0.147151
42.3  -1.06784 0.148684
42.32 -1.0728 0.148772
42.34 -1.06884 0.148253
42.36 -1.07584 0.14581
42.38 -1.06516 0.137187
42.4  -1.06304 0.12769
42.42 -1.06995 0.119832
42.44 -1.07294 0.11314
42.46 -1.06715 0.0929174
42.48 -1.06497 0.0719939
42.5  -1.06304 0.0580436
42.52 -1.06403 0.090211
42.54 -1.0612 0.104688
42.56 -1.06603 0.1167
42.58 -1.06053 0.128467
42.6  -1.06874 0.132816
42.62 -1.06688 0.135862
42.64 -1.06753 0.138638
42.66 -1.05478 0.1451
42.68 -1.06295 0.141342
42.7  -1.06434 0.134075
42.72 -1.06138 0.131883
42.74 -1.07012 0.139509
42.76 -1.06036 0.144004
42.78 -1.0629 0.144861
42.8  -1.05964 0.149308
42.82 -1.06082 0.150572
42.84 -1.05619 0.141223
42.86 -1.06549 0.148954
42.88 -1.05913 0.139017
42.9  -1.05757 0.125929
42.92 -1.05948 0.114709
42.94 -1.05689 0.10678
42.96 -1.05667 0.0964355
42.98 -1.05167 0.0893031
43    -1.05397 0.0812731
43.02 -1.05453 0.100013
43.04 -1.05568 0.11176
43.06 -1.0569 0.11885
43.08 -1.05362 0.119111
43.1  -1.05778 0.123094
43.12 -1.04816 0.124926
43.14 -1.05075 0.119287
43.16 -1.04923 0.120748
43.18 -1.06013 0.132792
43.2  -1.04869 0.139422
43.22 -1.05002 0.150692
43.24 -1.04264 0.148009
43.26 -1.05819 0.152053
43.28 -1.04342 0.150507
43.3  -1.04786 0.148231
43.32 -1.04311 0.14526
43.34 -1.04874 0.14317
43.36 -1.04277 0.129467
43.38 -1.04909 0.123185
43.4  -1.04447 0.116118
43.42 -1.03541 0.113728
43.44 -1.04261 0.109937
43.46 -1.04071 0.100899
43.48 -1.04764 0.0923912
43.5  -1.04021 0.0757973
43.52 -1.04189 0.0925785
43.54 -1.04635 0.0994456
43.56 -1.04282 0.110078
43.58 -1.04396 0.113435
43.6  -1.036 0.117428
43.62 -1.04268 0.121873
43.64 -1.0439 0.133665
43.66 -1.03851 0.139565
43.68 -1.03972 0.141068
43.7  -1.03865 0.14602
43.72 -1.03812 0.148171
43.74 -1.02776 0.141861
43.76 -1.034 0.137782
43.78 -1.03941 0.141668
43.8  -1.0385 0.135317
43.82 -1.03226 0.123829
43.84 -1.03526 0.11391
43.86 -1.03429 0.122627
43.88 -1.03401 0.124217
43.9  -1.0404 0.124932
43.92 -1.02672 0.118076
43.94 -1.02916 0.111677
43.96 -1.03132 0.114924
43.98 -1.02671 0.0929348
44    -1.03014 0.0801978
44.02 -1.02881 0.0958482
44.04 -1.03904 0.0875532
44.06 -1.03006 0.0976158
44.08 -1.02343 0.118257
44.1  -1.02945 0.123881
44.12 -1.02527 0.131542
44.14 -1.02734 0.13334
44.16 -1.02932 0.136477
44.18 -1.02867 0.134813
44.2  -1.0327 0.138379
44.22 -1.0271 0.137062
44.24 -1.02499 0.131407
44.26 -1.02593 0.135582
44.28 -1.03557 0.135892
44.3  -1.02175 0.134938
44.32 -1.02276 0.138005
44.34 -1.02806 0.143433
44.36 -1.02337 0.140083
44.38 -1.02357 0.139126
44.4  -1.02361 0.131042
44.42 -1.02076 0.122523
44.44 -1.01984 0.107829
44.46 -1.02064 0.0936763
44.48 -1.0199 0.0788904
44.5  -1.01926 0.0417493
44.52 -1.01942 0.0703903
44.54 -1.01682 0.0871638
44.56 -1.02257 0.100935
44.58 -1.02093 0.117186
44.6  -1.01886 0.119879
44.62 -1.0139 0.139385
44.64 -1.01872 0.131293
44.66 -1.01811 0.136768
44.68 -1.01397 0.142257
44.7  -1.00862 0.145353
44.72 -1.02257 0.129598
44.74 -1.00499 0.141801
44.76 -1.01413 0.141467
44.78 -1.01406 0.142483
44.8  -1.00896 0.142716
44.82 -1.00825 0.142551
44.84 -1.01645 0.139511
44.86 -1.01964 0.13061
44.88 -1.00598 0.121317
44.9  -1.00922 0.110064
44.92 -1.00508 0.102979
44.94 -1.00244 0.0855591
44.96 -1.00655 0.0791855
44.98 -1.00511 0.0783477
45    -1.0058 0.072588
45.02 -1.00579 0.092249
45.04 -1.00737 0.103885
45.06 -1.00987 0.115558
45.08 -0.99952 0.128517
45.1  -1.00915 0.129139
45.12 -1.00794 0.128521
45.14 -1.00305 0.129213
45.16 -1.00419 0.126918
45.18 -1.00986 0.130501
45.2  -0.998368 0.132434
45.22 -1.00591 0.139207
45.24 -0.997568 0.137019
45.26 -0.998215 0.143714
45.28 -0.997708 0.138058
45.3  -1.00359 0.14259
45.32 -0.999289 0.137715
45.34 -0.996642 0.13349
45.36 -0.99789 0.129638
45.38 -0.996583 0.12167
45.4  -0.99876 0.110393
45.42 -0.998013 0.107589
45.44 -1.00111 0.112731
45.46 -0.998196 0.0996449
45.48 -0.999444 0.0905956
45.5  -0.997508 0.0803846
45.52 -0.998626 0.0928078
45.54 -0.993414 0.0992632
45.56 -0.993638 0.105607
45.58 -0.996128 0.10502
45.6  -0.997048 0.101305
45.62 -0.996267 0.102601
45.64 -0.993608 0.11894
45.66 -1.00003 0.128185
45.68 -0.991431 0.134428
45.7  -0.990087 0.137731
45.72 -0.993786 0.148514
45.74 -0.995842 0.144551
45.76 -0.991473 0.140734
45.78 -0.990509 0.143556
45.8  -0.990696 0.135913
45.82 -0.991538 0.132197
45.84 -0.985505 0.119284
45.86 -0.98523 0.118801
45.88 -0.992409 0.1209
45.9  -0.985703 0.120669
45.92 -0.987186 0.109853
45.94 -0.991866 0.100494
45.96 -0.986948 0.090866
45.98 -0.983808 0.0835206
46    -0.986907 0.0690714
46.02 -0.982296 0.0834793
46.04 -0.986633 0.089916
46.06 -0.985585 0.0898906
46.08 -0.979271 0.11248
46.1  -0.98919 0.114479
46.12 -0.980938 0.132669
46.14 -0.993882 0.122852
46.16 -0.985974 0.135032
46.18 -0.988062 0.134789
46.2  -0.979502 0.147454
46.22 -0.98435 0.142318
46.24 -0.986029 0.133171
46.26 -0.98045 0.129096
46.28 -0.984495 0.124174
46.3  -0.976321 0.123801
46.32 -0.980355 0.123127
46.34 -0.974784 0.123217
46.36 -0.980212 0.124613
46.38 -0.984608 0.123679
46.4  -0.983837 0.126944
46.42 -0.974366 0.113319
46.44 -0.98044 0.109239
46.46 -0.979418 0.100592
46.48 -0.973683 0.0820004
46.5  -0.973029 0.0606829
46.52 -0.974691 0.0744929
46.54 -0.973122 0.0902582
46.56 -0.978575 0.102299
46.58 -0.974921 0.113156
46.6  -0.968984 0.122057
46.62 -0.978854 0.125743
46.64 -0.971632 0.124891
46.66 -0.972924 0.126387
46.68 -0.965105 0.129667
46.7  -0.968732 0.12824
46.72 -0.974162 0.124539
46.74 -0.967686 0.120794
46.76 -0.971348 0.129468
46.78 -0.967901 0.134973
46.8  -0.972467 0.136935
46.82 -0.971065 0.136411
46.84 -0.967658 0.134214
46.86 -0.971825 0.132427
46.88 -0.967381 0.125967
46.9  -0.966267 0.113392
46.92 -0.965835 0.108581
46.94 -0.970604 0.0964816
46.96 -0.961776 0.0691733
46.98 -0.966388 0.067851
47    -0.966092 0.0551798
47.02 -0.968855 0.0753584
47.04 -0.961569 0.0933183
47.06 -0.965537 0.1033
47.08 -0.965633 0.11183
47.1  -0.969101 0.114654
47.12 -0.964057 0.123018
47.14 -0.963584 0.122238
47.16 -0.964339 0.124801
47.18 -0.958248 0.124669
47.2  -0.963194 0.12757
47.22 -0.963681 0.133083
47.24 -0.962021 0.134005
47.26 -0.962104 0.139151
47.28 -0.957416 0.140711
47.3  -0.959284 0.135275
47.32 -0.962131 0.128975
47.34 -0.955773 0.12316
47.36 -0.954184 0.117151
47.38 -0.960212 0.108718
47.4  -0.958168 0.0966626
47.42 -0.956114 0.0932993
47.44 -0.959258 0.0926172
47.46 -0.955464 0.0883772
47.48 -0.952804 0.0867429
47.5  -0.954774 0.0745798
47.52 -0.952593 0.0927471
47.54 -0.953465 0.108132
47.56 -0.958038 0.108941
47.58 -0.954638 0.112104
47.6  -0.954266 0.113665
47.62 -0.949118 0.117641
47.64 -0.956502 0.112695
47.66 -0.947905 0.125556
47.68 -0.941961 0.129165
47.7  -0.948775 0.125307
47.72 -0.950451 0.134465
47.74 -0.954448 0.130786
47.76 -0.948842 0.136632
47.78 -0.947085 0.133755
47.8  -0.942835 0.125467
47.82 -0.945921 0.128601
47.84 -0.951453 0.11851
47.86 -0.952197 0.112466
47.88 -0.942929 0.112373
47.9  -0.946903 0.108421
47.92 -0.947842 0.108819
47.94 -0.951046 0.108498
47.96 -0.951565 0.100134
47.98 -0.946152 0.0882227
48    -0.944993 0.073498
48.02 -0.944107 0.0850108
48.04 -0.947546 0.0931987
48.06 -0.944449 0.0899379
48.08 -0.946424 0.0887934
48.1  -0.942808 0.109122
48.12 -0.944321 0.118969
48.14 -0.954246 0.126361
48.16 -0.942773 0.135047
48.18 -0.944599 0.135269
48.2  -0.951941 0.135265
48.22 -0.936893 0.142609
48.24 -0.942057 0.139204
48.26 -0.932547 0.141116
48.28 -0.938352 0.128897
48.3  -0.937427 0.125597
48.32 -0.942739 0.124923
48.34 -0.943622 0.129711
48.36 -0.933959 0.124117
48.38 -0.942281 0.121534
48.4  -0.933726 0.110553
48.42 -0.938535 0.10372
48.44 -0.933476 0.0952404
48.46 -0.936643 0.0897151
48.48 -0.93135 0.0755066
48.5  -0.935662 0.0562716
48.52 -0.938978 0.0593533
48.54 -0.936044 0.0822287
48.56 -0.940473 0.0936226
48.58 -0.935966 0.110762
48.6  -0.936424 0.113865
48.62 -0.93034 0.126342
48.64 -0.932578 0.128572
48.66 -0.933868 0.131564
48.68 -0.936389 0.126424
48.7  -0.929709 0.133257
48.72 -0.93411 0.128402
48.74 -0.928638 0.120898
48.76 -0.935943 0.122816
48.78 -0.939434 0.121721
48.8  -0.930188 0.125869
48.82 -0.931099 0.127148
48.84 -0.92497 0.127366
48.86 -0.928702 0.123124
48.88 -0.928334 0.117837
48.9  -0.924311 0.1126
48.92 -0.926094 0.107514
48.94 -0.929586 0.100105
48.96 -0.931601 0.0861471
48.98 -0.928565 0.066606
49    -0.926051 0.0602078
49.02 -0.926166 0.0834933
49.04 -0.923544 0.0950094
49.06 -0.921677 0.106048
49.08 -0.928638 0.108833
49.1  -0.925848 0.111553
49.12 -0.920605 0.116422
49.14 -0.915559 0.116014
49.16 -0.920414 0.117408
49.18 -0.924369 0.118134
49.2  -0.929308 0.116464
49.22 -0.920216 0.129107
49.24 -0.91332 0.12849
49.26 -0.919733 0.131648
49.28 -0.921728 0.139925
49.3  -0.923263 0.131451
49.32 -0.926669 0.139905
49.34 -0.921238 0.12843
49.36 -0.920777 0.12624
49.38 -0.916225 0.1141
49.4  -0.915944 0.104878
49.42 -0.919719 0.0990908
49.44 -0.920202 0.0927721
49.46 -0.920543 0.0821925
49.48 -0.917332 0.0703909
49.5  -0.915262 0.0551796
49.52 -0.917527 0.0773078
49.54 -0.91588 0.0852167
49.56 -0.917633 0.0955809
49.58 -0.918555 0.0987104
49.6  -0.916762 0.108527
49.62 -0.918328 0.10832
49.64 -0.916106 0.108224
49.66 -0.920902 0.115571
49.68 -0.915884 0.12289
49.7  -0.91576 0.122029
49.72 -0.918574 0.13022
49.74 -0.917172 0.134057
49.76 -0.908872 0.135322
49.78 -0.918123 0.126082
49.8  -0.914667 0.124966
49.82 -0.916948 0.119594
49.84 -0.908372 0.109819
49.86 -0.912844 0.1086
49.88 -0.903885 0.10055
49.9  -0.908668 0.101372
49.92 -0.901289 0.0985342
49.94 -0.910862 0.0975862
49.96 -0.908876 0.0943689
49.98 -0.912161 0.0830989
50    -0.908389 0.0664421
