BoundaryC8   Crofton2   Crofton4   Matlab   MatlabPi
3.02054 2.92433 -0.519038 -1.98336 0.138796
2.92452 -0.258898 -0.610063 -2.33597 -0.213816
3.81194 2.92433 0.231256 -2.09549 0.0266623
3.41624 2.92433 -0.143891 -1.73207 0.390082
3.02054 2.92433 -0.519038 -1.98336 0.138796
2.29703 0.802178 -1.20497 -2.63724 -0.51509
3.97584 3.9854 0.386647 -1.89419 0.227962
3.41624 2.92433 -0.143891 -2.34678 -0.224624
3.02054 2.92433 -0.519038 -1.49159 0.630561
3.32022 -0.258898 -0.234917 -2.20762 -0.085471
3.02054 2.92433 -0.519038 -1.86041 0.261737
2.52882 -0.258898 -0.98521 -2.34137 -0.21922
3.78381 -2.38105 0.204595 -1.92324 0.198915
2.99242 -2.38105 -0.545698 -2.05699 0.0651659
3.78381 -2.38105 0.204595 -2.10765 0.0145033
3.25233 1.86325 -0.299282 -1.81043 0.311724
3.48413 0.802178 -0.0795256 -1.82191 0.30024
3.97584 3.9854 0.386647 -1.40242 0.719727
3.81194 2.92433 0.231256 -2.03402 0.088133
2.59672 -2.38105 -0.920845 -2.36974 -0.247591
2.62484 2.92433 -0.894184 -2.23464 -0.112491
2.99242 -2.38105 -0.545698 -2.11846 0.00369526
3.41624 2.92433 -0.143891 -2.10089 0.0212583
3.64803 1.86325 0.0758653 -1.74355 0.378599
3.97584 3.9854 0.386647 -1.58684 0.535315
3.22421 -3.44212 -0.325942 -1.94553 0.176624
3.78381 -2.38105 0.204595 -1.98471 0.137445
3.97584 3.9854 0.386647 -1.89419 0.227962
2.92452 -0.258898 -0.610063 -2.21303 -0.090875
3.78381 -2.38105 0.204595 -2.29206 -0.169909
2.62484 2.92433 -0.894184 -2.23464 -0.112491
2.82851 -3.44212 -0.701089 -2.13534 -0.0131923
3.94772 -1.31997 0.359986 -1.96782 0.154332
3.78381 -2.38105 0.204595 -1.73882 0.383327
3.22421 -3.44212 -0.325942 -1.94553 0.176624
3.22421 -3.44212 -0.325942 -1.88406 0.238094
3.41624 2.92433 -0.143891 -1.97795 0.1442
2.26891 -4.5032 -1.23163 -2.52646 -0.404308
3.81194 2.92433 0.231256 -2.09549 0.0266623
3.71592 -0.258898 0.14023 -2.01781 0.104345
3.25233 1.86325 -0.299282 -1.93337 0.188783
3.55202 -1.31997 -0.0151606 -2.21911 -0.0969545
3.48413 0.802178 -0.0795256 -1.76044 0.361711
3.78381 -2.38105 0.204595 -1.98471 0.137445
3.81194 2.92433 0.231256 -1.91108 0.211074
3.71592 -0.258898 0.14023 -2.01781 0.104345
3.78381 -2.38105 0.204595 -1.67735 0.444798
3.55202 -1.31997 -0.0151606 -2.40352 -0.281366
2.59672 -2.38105 -0.920845 -2.2468 -0.12465
3.02054 2.92433 -0.519038 -1.86041 0.261737
3.02054 2.92433 -0.519038 -1.61453 0.50762
3.45601 -4.5032 -0.106187 -2.01848 0.10367
2.76062 -1.31997 -0.765454 -2.53727 -0.415116
3.15632 -1.31997 -0.390307 -2.40892 -0.28677
2.85663 1.86325 -0.674428 -2.18466 -0.0625039
4.11162 -0.258898 0.515377 -2.07387 0.0482784
3.94772 -1.31997 0.359986 -1.90635 0.215803
4.99904 2.92433 1.3567 -1.03428 1.08788
3.22421 -3.44212 -0.325942 -2.007 0.115153
3.61991 -3.44212 0.0492044 -1.87865 0.243498
4.50732 -0.258898 0.890524 -1.76112 0.361036
3.22421 -3.44212 -0.325942 -1.94553 0.176624
3.55202 -1.31997 -0.0151606 -2.28058 -0.158425
2.66461 -4.5032 -0.85648 -2.45958 -0.337433
3.64803 1.86325 0.0758653 -1.98944 0.132716
3.78381 -2.38105 0.204595 -1.55441 0.567739
4.73912 -1.31997 1.11028 -1.21936 0.902788
4.43943 1.86325 0.826159 -1.54833 0.573819
3.81194 2.92433 0.231256 -1.78814 0.334016
3.32022 -0.258898 -0.234917 -2.26909 -0.146942
3.64803 1.86325 0.0758653 -1.92796 0.194187
2.66461 -4.5032 -0.85648 -2.39811 -0.275962
3.97584 3.9854 0.386647 -1.40242 0.719727
3.81194 2.92433 0.231256 -2.34137 -0.21922
3.25233 1.86325 -0.299282 -2.4866 -0.364453
3.61991 -3.44212 0.0492044 -1.87865 0.243498
3.15632 -1.31997 -0.390307 -2.16304 -0.0408878
2.92452 -0.258898 -0.610063 -2.33597 -0.213816
3.25233 1.86325 -0.299282 -2.42513 -0.302982
3.48413 0.802178 -0.0795256 -2.25221 -0.130054
4.27553 0.802178 0.670768 -1.8111 0.311049
3.02054 2.92433 -0.519038 -1.73747 0.384678
3.22421 -3.44212 -0.325942 -1.94553 0.176624
3.81194 2.92433 0.231256 -2.09549 0.0266623
2.82851 -3.44212 -0.701089 -2.38123 -0.259075
3.48413 0.802178 -0.0795256 -2.00632 0.115829
2.46093 1.86325 -1.04958 -2.313 -0.190849
2.82851 -3.44212 -0.701089 -2.13534 -0.0131923
3.06031 -4.5032 -0.481333 -2.02389 0.0982655
3.25233 1.86325 -0.299282 -2.67102 -0.548865
3.32022 -0.258898 -0.234917 -2.02321 0.098941
3.87983 0.802178 0.295621 -1.87798 0.244174
2.62484 2.92433 -0.894184 -2.35758 -0.235432
3.64803 1.86325 0.0758653 -2.23532 -0.113167
4.11162 -0.258898 0.515377 -1.76652 0.355632
3.97584 3.9854 0.386647 -1.64831 0.473844
4.43943 1.86325 0.826159 -1.54833 0.573819
3.02054 2.92433 -0.519038 -2.35218 -0.230028
3.22421 -3.44212 -0.325942 -1.94553 0.176624
3.61991 -3.44212 0.0492044 -1.69424 0.42791
2.92452 -0.258898 -0.610063 -2.21303 -0.090875
3.81194 2.92433 0.231256 -2.21843 -0.096279
3.58014 3.9854 0.0115003 -1.77665 0.345499
3.81194 2.92433 0.231256 -1.35784 0.76431
3.97584 3.9854 0.386647 -1.52537 0.596786
3.22421 -3.44212 -0.325942 -2.12994 -0.00778827
3.32022 -0.258898 -0.234917 -2.4535 -0.331354
3.41624 2.92433 -0.143891 -1.73207 0.390082
3.64803 1.86325 0.0758653 -2.17385 -0.0516959
4.34342 -1.31997 0.735133 -1.47065 0.651501
3.94772 -1.31997 0.359986 -1.66047 0.461685
2.66461 -4.5032 -0.85648 -2.27517 -0.153021
4.17951 -2.38105 0.579742 -1.79489 0.327261
3.15632 -1.31997 -0.390307 -1.97863 0.143524
4.17951 -2.38105 0.579742 -1.79489 0.327261
3.81194 2.92433 0.231256 -1.78814 0.334016
4.20764 2.92433 0.606403 -1.72126 0.40089
3.25233 1.86325 -0.299282 -1.81043 0.311724
3.71592 -0.258898 0.14023 -2.07928 0.0428744
4.11162 -0.258898 0.515377 -1.95093 0.17122
3.25233 1.86325 -0.299282 -2.54807 -0.425924
2.46093 1.86325 -1.04958 -1.94418 0.177975
3.25233 1.86325 -0.299282 -1.8719 0.250253
3.78381 -2.38105 0.204595 -1.73882 0.383327
3.22421 -3.44212 -0.325942 -1.82259 0.299565
3.61991 -3.44212 0.0492044 -1.75571 0.36644
4.43943 1.86325 0.826159 -1.67127 0.450877
3.25233 1.86325 -0.299282 -1.68749 0.434665
2.85663 1.86325 -0.674428 -2.12318 -0.00103325
3.71592 -0.258898 0.14023 -1.64898 0.473169
3.58014 3.9854 0.0115003 -1.77665 0.345499
3.25233 1.86325 -0.299282 -2.05631 0.0658414
2.82851 -3.44212 -0.701089 -2.19681 -0.0746629
3.08843 0.802178 -0.454672 -2.0732 0.0489539
3.22421 -3.44212 -0.325942 -1.82259 0.299565
3.22421 -3.44212 -0.325942 -1.94553 0.176624
2.99242 -2.38105 -0.545698 -2.2414 -0.119246
4.20764 2.92433 0.606403 -1.96714 0.155008
3.02054 2.92433 -0.519038 -1.73747 0.384678
3.61991 -3.44212 0.0492044 -1.81718 0.304969
3.02054 2.92433 -0.519038 -2.1063 0.0158543
3.81194 2.92433 0.231256 -1.54225 0.579898
2.99242 -2.38105 -0.545698 -1.87257 0.249578
4.20764 2.92433 0.606403 -1.96714 0.155008
3.06031 -4.5032 -0.481333 -2.02389 0.0982655
4.27553 0.802178 0.670768 -1.8111 0.311049
3.94772 -1.31997 0.359986 -2.02929 0.0928615
4.27553 0.802178 0.670768 -1.44228 0.679872
2.66461 -4.5032 -0.85648 -2.2137 -0.0915505
3.32022 -0.258898 -0.234917 -2.20762 -0.085471
3.41624 2.92433 -0.143891 -2.22383 -0.101683
3.78381 -2.38105 0.204595 -1.86177 0.260386
3.38811 -2.38105 -0.170552 -1.99011 0.132041
4.37154 3.9854 0.761794 -1.58143 0.540719
3.25233 1.86325 -0.299282 -1.8719 0.250253
3.64803 1.86325 0.0758653 -2.05091 0.0712454
3.25233 1.86325 -0.299282 -1.81043 0.311724
3.71592 -0.258898 0.14023 -1.71045 0.411698
3.38811 -2.38105 -0.170552 -1.8057 0.316453
3.94772 -1.31997 0.359986 -1.66047 0.461685
4.27553 0.802178 0.670768 -1.68816 0.43399
3.08843 0.802178 -0.454672 -2.25761 -0.135458
2.46093 1.86325 -1.04958 -2.55888 -0.436732
3.02054 2.92433 -0.519038 -1.86041 0.261737
3.78381 -2.38105 0.204595 -1.73882 0.383327
3.94772 -1.31997 0.359986 -1.78341 0.338744
3.55202 -1.31997 -0.0151606 -1.78881 0.33334
3.61991 -3.44212 0.0492044 -1.69424 0.42791
3.25233 1.86325 -0.299282 -2.30219 -0.180041
4.17951 -2.38105 0.579742 -1.73342 0.388731
2.66461 -4.5032 -0.85648 -2.52105 -0.398904
3.61991 -3.44212 0.0492044 -1.5713 0.550852
2.29703 0.802178 -1.20497 -2.39136 -0.269207
3.71592 -0.258898 0.14023 -2.20222 -0.0800669
4.34342 -1.31997 0.735133 -1.40918 0.712972
3.38811 -2.38105 -0.170552 -2.11305 0.00909928
3.78381 -2.38105 0.204595 -1.80029 0.321857
2.46093 1.86325 -1.04958 -2.43594 -0.313791
3.22421 -3.44212 -0.325942 -2.19141 -0.0692589
3.41624 2.92433 -0.143891 -1.85501 0.267141
3.87983 0.802178 0.295621 -1.75504 0.367115
3.81194 2.92433 0.231256 -2.09549 0.0266623
4.34342 -1.31997 0.735133 -1.47065 0.651501
2.82851 -3.44212 -0.701089 -2.31976 -0.197604
3.25233 1.86325 -0.299282 -2.42513 -0.302982
4.04373 1.86325 0.451012 -1.67668 0.445473
3.55202 -1.31997 -0.0151606 -1.72734 0.394811
2.99242 -2.38105 -0.545698 -2.11846 0.00369526
4.04373 1.86325 0.451012 -1.4308 0.691356
4.34342 -1.31997 0.735133 -1.71653 0.405619
4.50732 -0.258898 0.890524 -1.45376 0.668389
4.60334 2.92433 0.98155 -1.46997 0.652177
3.81194 2.92433 0.231256 -1.84961 0.272545
3.41624 2.92433 -0.143891 -2.22383 -0.101683
2.92452 -0.258898 -0.610063 -2.45891 -0.336758
3.78381 -2.38105 0.204595 -2.04618 0.0759739
3.61991 -3.44212 0.0492044 -1.81718 0.304969
3.55202 -1.31997 -0.0151606 -2.40352 -0.281366
4.99904 2.92433 1.3567 -1.4031 0.719052
3.08843 0.802178 -0.454672 -2.01173 0.110425
3.55202 -1.31997 -0.0151606 -2.03469 0.0874575
3.78381 -2.38105 0.204595 -1.73882 0.383327
3.02054 2.92433 -0.519038 -2.22924 -0.107087
2.69273 0.802178 -0.829819 -2.26301 -0.140862
2.26891 -4.5032 -1.23163 -2.40352 -0.281366
2.85663 1.86325 -0.674428 -2.55348 -0.431328
4.17951 -2.38105 0.579742 -1.54901 0.573143
3.25233 1.86325 -0.299282 -1.81043 0.311724
3.06031 -4.5032 -0.481333 -2.08536 0.0367948
3.55202 -1.31997 -0.0151606 -2.03469 0.0874575
3.38811 -2.38105 -0.170552 -1.86717 0.254982
3.25233 1.86325 -0.299282 -2.67102 -0.548865
4.27553 0.802178 0.670768 -1.62669 0.49546
3.41624 2.92433 -0.143891 -1.91648 0.20567
3.78381 -2.38105 0.204595 -1.73882 0.383327
3.08843 0.802178 -0.454672 -2.13467 -0.0125168
3.64803 1.86325 0.0758653 -1.68208 0.440069
3.48413 0.802178 -0.0795256 -2.25221 -0.130054
2.92452 -0.258898 -0.610063 -2.58185 -0.459699
3.02054 2.92433 -0.519038 -2.35218 -0.230028
3.78381 -2.38105 0.204595 -2.23059 -0.108438
2.82851 -3.44212 -0.701089 -2.25828 -0.136134
3.55202 -1.31997 -0.0151606 -2.28058 -0.158425
4.37154 3.9854 0.761794 -1.70437 0.417778
3.15632 -1.31997 -0.390307 -2.0401 0.0820535
3.25233 1.86325 -0.299282 -1.93337 0.188783
3.78381 -2.38105 0.204595 -1.92324 0.198915
3.81194 2.92433 0.231256 -1.97255 0.149604
2.43281 -3.44212 -1.07624 -2.50957 -0.38742
3.02054 2.92433 -0.519038 -2.1063 0.0158543
3.02054 2.92433 -0.519038 -2.22924 -0.107087
3.71592 -0.258898 0.14023 -2.14075 -0.0185963
3.41624 2.92433 -0.143891 -2.22383 -0.101683
2.99242 -2.38105 -0.545698 -2.11846 0.00369526
2.82851 -3.44212 -0.701089 -1.95093 0.17122
3.25233 1.86325 -0.299282 -1.81043 0.311724
4.37154 3.9854 0.761794 -1.58143 0.540719
2.82851 -3.44212 -0.701089 -2.19681 -0.0746629
3.55202 -1.31997 -0.0151606 -1.66587 0.456281
3.08843 0.802178 -0.454672 -2.13467 -0.0125168
3.71592 -0.258898 0.14023 -2.26369 -0.141538
3.22421 -3.44212 -0.325942 -2.06847 0.0536824
3.64803 1.86325 0.0758653 -1.92796 0.194187
3.78381 -2.38105 0.204595 -1.98471 0.137445
4.11162 -0.258898 0.515377 -1.3977 0.724456
4.34342 -1.31997 0.735133 -1.71653 0.405619
2.46093 1.86325 -1.04958 -2.68182 -0.559673
3.48413 0.802178 -0.0795256 -2.00632 0.115829
3.94772 -1.31997 0.359986 -2.02929 0.0928615
2.66461 -4.5032 -0.85648 -2.39811 -0.275962
3.41624 2.92433 -0.143891 -1.60913 0.513024
3.15632 -1.31997 -0.390307 -2.40892 -0.28677
4.20764 2.92433 0.606403 -1.78273 0.33942
3.22421 -3.44212 -0.325942 -1.94553 0.176624
3.02054 2.92433 -0.519038 -2.1063 0.0158543
3.94772 -1.31997 0.359986 -2.09076 0.0313908
3.02054 2.92433 -0.519038 -2.1063 0.0158543
2.69273 0.802178 -0.829819 -2.26301 -0.140862
3.22421 -3.44212 -0.325942 -1.82259 0.299565
3.55202 -1.31997 -0.0151606 -1.97322 0.148928
3.78381 -2.38105 0.204595 -1.55441 0.567739
3.41624 2.92433 -0.143891 -2.10089 0.0212583
3.55202 -1.31997 -0.0151606 -1.6044 0.517752
3.64803 1.86325 0.0758653 -1.80502 0.317128
2.26891 -4.5032 -1.23163 -2.52646 -0.404308
2.46093 1.86325 -1.04958 -2.313 -0.190849
3.55202 -1.31997 -0.0151606 -2.28058 -0.158425
2.82851 -3.44212 -0.701089 -2.0124 0.109749
3.78381 -2.38105 0.204595 -1.73882 0.383327
3.94772 -1.31997 0.359986 -1.78341 0.338744
3.25233 1.86325 -0.299282 -2.30219 -0.180041
4.27553 0.802178 0.670768 -1.74963 0.372519
3.64803 1.86325 0.0758653 -1.80502 0.317128
3.22421 -3.44212 -0.325942 -2.19141 -0.0692589
3.02054 2.92433 -0.519038 -2.35218 -0.230028
3.78381 -2.38105 0.204595 -1.98471 0.137445
3.15632 -1.31997 -0.390307 -2.40892 -0.28677
3.32022 -0.258898 -0.234917 -1.96174 0.160412
3.55202 -1.31997 -0.0151606 -2.09616 0.0259868
3.41624 2.92433 -0.143891 -2.34678 -0.224624
3.41624 2.92433 -0.143891 -1.97795 0.1442
4.20764 2.92433 0.606403 -1.96714 0.155008
3.61991 -3.44212 0.0492044 -2.00159 0.120557
3.48413 0.802178 -0.0795256 -2.00632 0.115829
4.50732 -0.258898 0.890524 -1.69964 0.422506
2.62484 2.92433 -0.894184 -2.1117 0.0104503
3.71592 -0.258898 0.14023 -2.01781 0.104345
3.55202 -1.31997 -0.0151606 -1.78881 0.33334
4.04373 1.86325 0.451012 -1.55374 0.568415
4.17951 -2.38105 0.579742 -1.73342 0.388731
3.81194 2.92433 0.231256 -1.97255 0.149604
2.66461 -4.5032 -0.85648 -2.45958 -0.337433
3.15632 -1.31997 -0.390307 -2.40892 -0.28677
3.02054 2.92433 -0.519038 -2.1063 0.0158543
3.94772 -1.31997 0.359986 -1.90635 0.215803
4.37154 3.9854 0.761794 -1.88879 0.233366
3.06031 -4.5032 -0.481333 -2.08536 0.0367948
3.78381 -2.38105 0.204595 -2.04618 0.0759739
2.29703 0.802178 -1.20497 -2.39136 -0.269207
3.15632 -1.31997 -0.390307 -2.53186 -0.409712
3.81194 2.92433 0.231256 -2.09549 0.0266623
3.02054 2.92433 -0.519038 -2.22924 -0.107087
4.43943 1.86325 0.826159 -1.91716 0.204995
3.58014 3.9854 0.0115003 -1.28489 0.837264
4.60334 2.92433 0.98155 -1.77733 0.344824
2.66461 -4.5032 -0.85648 -2.39811 -0.275962
3.97584 3.9854 0.386647 -1.89419 0.227962
3.41624 2.92433 -0.143891 -1.48619 0.635965
3.15632 -1.31997 -0.390307 -2.34745 -0.2253
2.82851 -3.44212 -0.701089 -2.07387 0.0482784
2.46093 1.86325 -1.04958 -2.313 -0.190849
4.43943 1.86325 0.826159 -1.48686 0.635289
3.25233 1.86325 -0.299282 -1.74896 0.373195
4.20764 2.92433 0.606403 -1.53685 0.585302
4.34342 -1.31997 0.735133 -1.90094 0.221207
2.82851 -3.44212 -0.701089 -2.31976 -0.197604
3.71592 -0.258898 0.14023 -1.89486 0.227286
3.81194 2.92433 0.231256 -2.03402 0.088133
3.02054 2.92433 -0.519038 -1.86041 0.261737
4.11162 -0.258898 0.515377 -1.15181 0.970338
2.99242 -2.38105 -0.545698 -2.11846 0.00369526
3.32022 -0.258898 -0.234917 -1.96174 0.160412
3.02054 2.92433 -0.519038 -1.98336 0.138796
4.11162 -0.258898 0.515377 -1.82799 0.294161
2.66461 -4.5032 -0.85648 -2.52105 -0.398904
3.38811 -2.38105 -0.170552 -1.74423 0.377923
3.15632 -1.31997 -0.390307 -2.0401 0.0820535
2.46093 1.86325 -1.04958 -2.19006 -0.0679079
3.78381 -2.38105 0.204595 -1.73882 0.383327
2.52882 -0.258898 -0.98521 -2.46431 -0.342162
4.50732 -0.258898 0.890524 -1.5767 0.545448
3.06031 -4.5032 -0.481333 -2.39271 -0.270558
3.25233 1.86325 -0.299282 -1.93337 0.188783
3.02054 2.92433 -0.519038 -1.98336 0.138796
3.61991 -3.44212 0.0492044 -1.81718 0.304969
3.64803 1.86325 0.0758653 -2.11238 0.00977478
4.17951 -2.38105 0.579742 -1.61048 0.511673
4.17951 -2.38105 0.579742 -1.67195 0.450202
4.43943 1.86325 0.826159 -1.48686 0.635289
3.22421 -3.44212 -0.325942 -2.06847 0.0536824
3.94772 -1.31997 0.359986 -1.599 0.523156
2.85663 1.86325 -0.674428 -2.3076 -0.185445
3.32022 -0.258898 -0.234917 -2.14615 -0.0240003
2.69273 0.802178 -0.829819 -2.26301 -0.140862
3.78381 -2.38105 0.204595 -1.86177 0.260386
3.64803 1.86325 0.0758653 -2.05091 0.0712454
2.85663 1.86325 -0.674428 -1.8773 0.244849
4.43943 1.86325 0.826159 -1.36392 0.758231
2.26891 -4.5032 -1.23163 -2.52646 -0.404308
4.17951 -2.38105 0.579742 -1.61048 0.511673
3.15632 -1.31997 -0.390307 -2.59333 -0.471182
2.62484 2.92433 -0.894184 -2.35758 -0.235432
3.22421 -3.44212 -0.325942 -1.76112 0.361036
4.73912 -1.31997 1.11028 -1.3423 0.779847
3.41624 2.92433 -0.143891 -2.22383 -0.101683
2.99242 -2.38105 -0.545698 -2.2414 -0.119246
3.48413 0.802178 -0.0795256 -2.06779 0.0543579
3.22421 -3.44212 -0.325942 -1.94553 0.176624
3.64803 1.86325 0.0758653 -2.29679 -0.174637
3.32022 -0.258898 -0.234917 -2.08468 0.0374703
3.97584 3.9854 0.386647 -1.77125 0.350903
4.27553 0.802178 0.670768 -1.31934 0.802814
2.43281 -3.44212 -1.07624 -2.57104 -0.448891
3.02054 2.92433 -0.519038 -2.35218 -0.230028
4.11162 -0.258898 0.515377 -1.95093 0.17122
3.22421 -3.44212 -0.325942 -2.12994 -0.00778827
3.78381 -2.38105 0.204595 -1.73882 0.383327
3.87983 0.802178 0.295621 -1.75504 0.367115
4.20764 2.92433 0.606403 -1.96714 0.155008
3.58014 3.9854 0.0115003 -1.65371 0.46844
2.46093 1.86325 -1.04958 -2.43594 -0.313791
3.94772 -1.31997 0.359986 -1.90635 0.215803
2.82851 -3.44212 -0.701089 -2.19681 -0.0746629
3.41624 2.92433 -0.143891 -1.73207 0.390082
3.08843 0.802178 -0.454672 -2.13467 -0.0125168
3.32022 -0.258898 -0.234917 -2.14615 -0.0240003
3.38811 -2.38105 -0.170552 -2.11305 0.00909928
4.43943 1.86325 0.826159 -1.67127 0.450877
3.97584 3.9854 0.386647 -1.21801 0.904139
3.32022 -0.258898 -0.234917 -1.8388 0.283353
3.64803 1.86325 0.0758653 -2.05091 0.0712454
3.48413 0.802178 -0.0795256 -2.00632 0.115829
3.15632 -1.31997 -0.390307 -2.0401 0.0820535
4.34342 -1.31997 0.735133 -1.778 0.344148
3.97584 3.9854 0.386647 -1.77125 0.350903
3.48413 0.802178 -0.0795256 -2.12926 -0.00711276
4.60334 2.92433 0.98155 -1.71586 0.406294
2.46093 1.86325 -1.04958 -2.43594 -0.313791
3.25233 1.86325 -0.299282 -1.74896 0.373195
3.48413 0.802178 -0.0795256 -2.25221 -0.130054
3.61991 -3.44212 0.0492044 -1.75571 0.36644
3.06031 -4.5032 -0.481333 -1.90094 0.221207
3.22421 -3.44212 -0.325942 -2.06847 0.0536824
3.78381 -2.38105 0.204595 -1.98471 0.137445
3.22421 -3.44212 -0.325942 -1.76112 0.361036
3.78381 -2.38105 0.204595 -1.73882 0.383327
2.92452 -0.258898 -0.610063 -2.2745 -0.152346
2.85663 1.86325 -0.674428 -2.3076 -0.185445
4.20764 2.92433 0.606403 -1.90567 0.216478
2.82851 -3.44212 -0.701089 -2.25828 -0.136134
4.43943 1.86325 0.826159 -1.42539 0.69676
4.50732 -0.258898 0.890524 -1.5767 0.545448
3.78381 -2.38105 0.204595 -2.10765 0.0145033
3.64803 1.86325 0.0758653 -2.41973 -0.297578
3.32022 -0.258898 -0.234917 -2.33056 -0.208412
3.15632 -1.31997 -0.390307 -1.91716 0.204995
3.64803 1.86325 0.0758653 -2.17385 -0.0516959
3.64803 1.86325 0.0758653 -2.05091 0.0712454
4.04373 1.86325 0.451012 -1.79962 0.322532
3.38811 -2.38105 -0.170552 -1.99011 0.132041
4.11162 -0.258898 0.515377 -1.76652 0.355632
2.46093 1.86325 -1.04958 -2.06712 0.0550334
2.92452 -0.258898 -0.610063 -2.33597 -0.213816
4.11162 -0.258898 0.515377 -1.82799 0.294161
3.38811 -2.38105 -0.170552 -1.99011 0.132041
2.82851 -3.44212 -0.701089 -2.19681 -0.0746629
3.41624 2.92433 -0.143891 -1.85501 0.267141
3.02054 2.92433 -0.519038 -1.92188 0.200266
3.81194 2.92433 0.231256 -2.09549 0.0266623
4.34342 -1.31997 0.735133 -1.96241 0.159736
4.11162 -0.258898 0.515377 -1.95093 0.17122
3.81194 2.92433 0.231256 -2.09549 0.0266623
3.48413 0.802178 -0.0795256 -1.88338 0.23877
2.46093 1.86325 -1.04958 -2.313 -0.190849
3.25233 1.86325 -0.299282 -1.81043 0.311724
3.32022 -0.258898 -0.234917 -1.71586 0.406294
3.38811 -2.38105 -0.170552 -2.11305 0.00909928
3.78381 -2.38105 0.204595 -1.49294 0.62921
3.25233 1.86325 -0.299282 -1.74896 0.373195
3.22421 -3.44212 -0.325942 -2.007 0.115153
3.38811 -2.38105 -0.170552 -1.8057 0.316453
2.76062 -1.31997 -0.765454 -2.41433 -0.292174
2.43281 -3.44212 -1.07624 -2.32516 -0.203008
3.22421 -3.44212 -0.325942 -2.06847 0.0536824
3.87983 0.802178 0.295621 -1.75504 0.367115
3.25233 1.86325 -0.299282 -2.30219 -0.180041
3.38811 -2.38105 -0.170552 -1.8057 0.316453
2.76062 -1.31997 -0.765454 -2.29138 -0.169233
3.94772 -1.31997 0.359986 -1.72194 0.400215
4.37154 3.9854 0.761794 -1.27408 0.848072
3.78381 -2.38105 0.204595 -1.73882 0.383327
3.32022 -0.258898 -0.234917 -2.08468 0.0374703
2.82851 -3.44212 -0.701089 -2.19681 -0.0746629
3.87983 0.802178 0.295621 -1.50915 0.612998
3.64803 1.86325 0.0758653 -2.17385 -0.0516959
3.15632 -1.31997 -0.390307 -2.0401 0.0820535
3.71592 -0.258898 0.14023 -2.07928 0.0428744
3.78381 -2.38105 0.204595 -1.61588 0.506269
3.87983 0.802178 0.295621 -2.00092 0.121233
3.81194 2.92433 0.231256 -2.15696 -0.0348083
3.97584 3.9854 0.386647 -1.70978 0.412374
3.94772 -1.31997 0.359986 -1.78341 0.338744
3.41624 2.92433 -0.143891 -2.10089 0.0212583
3.71592 -0.258898 0.14023 -1.64898 0.473169
4.27553 0.802178 0.670768 -1.62669 0.49546
3.78381 -2.38105 0.204595 -1.86177 0.260386
3.41624 2.92433 -0.143891 -2.10089 0.0212583
3.81194 2.92433 0.231256 -1.97255 0.149604
2.59672 -2.38105 -0.920845 -2.49268 -0.370533
3.61991 -3.44212 0.0492044 -1.75571 0.36644
2.46093 1.86325 -1.04958 -2.19006 -0.0679079
4.60334 2.92433 0.98155 -1.65439 0.467765
3.41624 2.92433 -0.143891 -1.73207 0.390082
3.02054 2.92433 -0.519038 -1.98336 0.138796
3.94772 -1.31997 0.359986 -2.02929 0.0928615
3.38811 -2.38105 -0.170552 -1.86717 0.254982
3.61991 -3.44212 0.0492044 -1.94012 0.182028
3.48413 0.802178 -0.0795256 -2.25221 -0.130054
3.94772 -1.31997 0.359986 -1.90635 0.215803
3.08843 0.802178 -0.454672 -2.38055 -0.258399
3.02054 2.92433 -0.519038 -2.22924 -0.107087
4.11162 -0.258898 0.515377 -1.3977 0.724456
3.41624 2.92433 -0.143891 -2.22383 -0.101683
3.61991 -3.44212 0.0492044 -1.75571 0.36644
3.55202 -1.31997 -0.0151606 -1.85028 0.271869
3.81194 2.92433 0.231256 -1.72666 0.395486
4.27553 0.802178 0.670768 -1.8111 0.311049
4.17951 -2.38105 0.579742 -1.67195 0.450202
3.87983 0.802178 0.295621 -1.87798 0.244174
2.85663 1.86325 -0.674428 -2.06171 0.0604374
3.71592 -0.258898 0.14023 -2.01781 0.104345
3.25233 1.86325 -0.299282 -2.4866 -0.364453
4.60334 2.92433 0.98155 -1.46997 0.652177
3.81194 2.92433 0.231256 -2.09549 0.0266623
3.81194 2.92433 0.231256 -2.09549 0.0266623
2.26891 -4.5032 -1.23163 -2.52646 -0.404308
3.81194 2.92433 0.231256 -2.09549 0.0266623
3.22421 -3.44212 -0.325942 -2.25288 -0.13073
4.50732 -0.258898 0.890524 -1.69964 0.422506
2.66461 -4.5032 -0.85648 -2.27517 -0.153021
2.99242 -2.38105 -0.545698 -2.17993 -0.0577754
3.94772 -1.31997 0.359986 -1.53752 0.584627
3.22421 -3.44212 -0.325942 -1.82259 0.299565
4.43943 1.86325 0.826159 -1.36392 0.758231
2.92452 -0.258898 -0.610063 -2.45891 -0.336758
4.43943 1.86325 0.826159 -1.6098 0.512348
3.22421 -3.44212 -0.325942 -1.94553 0.176624
3.41624 2.92433 -0.143891 -1.79354 0.328612
3.64803 1.86325 0.0758653 -2.17385 -0.0516959
3.55202 -1.31997 -0.0151606 -2.09616 0.0259868
3.22421 -3.44212 -0.325942 -2.19141 -0.0692589
2.85663 1.86325 -0.674428 -1.8773 0.244849
4.34342 -1.31997 0.735133 -1.53212 0.590031
3.48413 0.802178 -0.0795256 -1.82191 0.30024
2.46093 1.86325 -1.04958 -2.43594 -0.313791
4.34342 -1.31997 0.735133 -1.778 0.344148
3.02054 2.92433 -0.519038 -1.86041 0.261737
3.41624 2.92433 -0.143891 -1.97795 0.1442
3.06031 -4.5032 -0.481333 -2.14683 -0.0246758
3.71592 -0.258898 0.14023 -1.89486 0.227286
3.78381 -2.38105 0.204595 -1.92324 0.198915
4.50732 -0.258898 0.890524 -1.69964 0.422506
3.38811 -2.38105 -0.170552 -1.99011 0.132041
3.55202 -1.31997 -0.0151606 -2.21911 -0.0969545
3.94772 -1.31997 0.359986 -2.02929 0.0928615
3.08843 0.802178 -0.454672 -1.95026 0.171895
4.11162 -0.258898 0.515377 -1.82799 0.294161
3.08843 0.802178 -0.454672 -2.25761 -0.135458
3.78381 -2.38105 0.204595 -1.73882 0.383327
4.20764 2.92433 0.606403 -1.29097 0.831185
4.27553 0.802178 0.670768 -1.74963 0.372519
4.43943 1.86325 0.826159 -1.6098 0.512348
4.60334 2.92433 0.98155 -1.46997 0.652177
3.22421 -3.44212 -0.325942 -2.19141 -0.0692589
2.59672 -2.38105 -0.920845 -2.55415 -0.432003
3.22421 -3.44212 -0.325942 -1.94553 0.176624
3.97584 3.9854 0.386647 -1.64831 0.473844
3.71592 -0.258898 0.14023 -1.83339 0.288757
3.02054 2.92433 -0.519038 -2.22924 -0.107087
3.48413 0.802178 -0.0795256 -1.88338 0.23877
3.25233 1.86325 -0.299282 -2.05631 0.0658414
2.59672 -2.38105 -0.920845 -2.55415 -0.432003
3.71592 -0.258898 0.14023 -1.71045 0.411698
3.64803 1.86325 0.0758653 -2.17385 -0.0516959
3.41624 2.92433 -0.143891 -1.97795 0.1442
4.04373 1.86325 0.451012 -1.49227 0.629885
4.43943 1.86325 0.826159 -1.79422 0.327936
4.37154 3.9854 0.761794 -1.76584 0.356307
3.78381 -2.38105 0.204595 -1.86177 0.260386
3.02054 2.92433 -0.519038 -1.86041 0.261737
4.11162 -0.258898 0.515377 -1.58211 0.540044
3.41624 2.92433 -0.143891 -1.85501 0.267141
3.71592 -0.258898 0.14023 -1.95634 0.165816
4.04373 1.86325 0.451012 -1.55374 0.568415
2.92452 -0.258898 -0.610063 -2.21303 -0.090875
4.43943 1.86325 0.826159 -1.48686 0.635289
2.26891 -4.5032 -1.23163 -2.52646 -0.404308
3.25233 1.86325 -0.299282 -1.8719 0.250253
2.69273 0.802178 -0.829819 -2.32448 -0.202333
3.71592 -0.258898 0.14023 -1.89486 0.227286
3.48413 0.802178 -0.0795256 -1.94485 0.177299
2.99242 -2.38105 -0.545698 -2.2414 -0.119246
3.81194 2.92433 0.231256 -1.84961 0.272545
3.58014 3.9854 0.0115003 -1.71518 0.40697
2.03711 -3.44212 -1.45138 -2.57645 -0.454295
4.43943 1.86325 0.826159 -1.67127 0.450877
3.22421 -3.44212 -0.325942 -1.88406 0.238094
2.82851 -3.44212 -0.701089 -1.95093 0.17122
3.64803 1.86325 0.0758653 -1.80502 0.317128
3.25233 1.86325 -0.299282 -1.93337 0.188783
3.94772 -1.31997 0.359986 -1.84488 0.277273
4.27553 0.802178 0.670768 -1.56522 0.556931
3.02054 2.92433 -0.519038 -2.1063 0.0158543
4.37154 3.9854 0.761794 -1.6429 0.479248
2.26891 -4.5032 -1.23163 -2.34205 -0.219896
3.94772 -1.31997 0.359986 -1.90635 0.215803
2.76062 -1.31997 -0.765454 -2.16844 -0.0462919
3.41624 2.92433 -0.143891 -1.6706 0.451553
4.43943 1.86325 0.826159 -1.67127 0.450877
3.41624 2.92433 -0.143891 -1.79354 0.328612
3.02054 2.92433 -0.519038 -1.86041 0.261737
3.87983 0.802178 0.295621 -2.00092 0.121233
3.78381 -2.38105 0.204595 -1.73882 0.383327
3.22421 -3.44212 -0.325942 -1.82259 0.299565
4.34342 -1.31997 0.735133 -1.71653 0.405619
3.97584 3.9854 0.386647 -1.52537 0.596786
3.41624 2.92433 -0.143891 -1.85501 0.267141
3.55202 -1.31997 -0.0151606 -1.97322 0.148928
3.15632 -1.31997 -0.390307 -1.91716 0.204995
1.90133 0.802178 -1.58011 -2.5197 -0.397553
3.81194 2.92433 0.231256 -2.09549 0.0266623
3.15632 -1.31997 -0.390307 -1.91716 0.204995
3.15632 -1.31997 -0.390307 -2.0401 0.0820535
3.48413 0.802178 -0.0795256 -2.43662 -0.314466
4.20764 2.92433 0.606403 -1.8442 0.277949
3.87983 0.802178 0.295621 -1.75504 0.367115
4.17951 -2.38105 0.579742 -1.91783 0.204319
2.85663 1.86325 -0.674428 -2.06171 0.0604374
3.78381 -2.38105 0.204595 -1.67735 0.444798
3.61991 -3.44212 0.0492044 -2.00159 0.120557
3.02054 2.92433 -0.519038 -1.86041 0.261737
3.81194 2.92433 0.231256 -1.91108 0.211074
3.64803 1.86325 0.0758653 -2.11238 0.00977478
3.41624 2.92433 -0.143891 -1.6706 0.451553
3.22421 -3.44212 -0.325942 -2.31435 -0.1922
3.87983 0.802178 0.295621 -1.69357 0.428586
3.81194 2.92433 0.231256 -1.97255 0.149604
4.27553 0.802178 0.670768 -1.62669 0.49546
3.94772 -1.31997 0.359986 -1.78341 0.338744
3.64803 1.86325 0.0758653 -2.29679 -0.174637
3.41624 2.92433 -0.143891 -1.6706 0.451553
4.04373 1.86325 0.451012 -1.92256 0.199591
3.02054 2.92433 -0.519038 -1.86041 0.261737
3.64803 1.86325 0.0758653 -2.05091 0.0712454
2.69273 0.802178 -0.829819 -2.38595 -0.263803
4.17951 -2.38105 0.579742 -1.61048 0.511673
3.78381 -2.38105 0.204595 -1.55441 0.567739
3.22421 -3.44212 -0.325942 -1.76112 0.361036
2.85663 1.86325 -0.674428 -2.12318 -0.00103325
2.82851 -3.44212 -0.701089 -2.0124 0.109749
3.02054 2.92433 -0.519038 -1.98336 0.138796
3.32022 -0.258898 -0.234917 -2.20762 -0.085471
4.17951 -2.38105 0.579742 -1.54901 0.573143
2.46093 1.86325 -1.04958 -2.19006 -0.0679079
3.38811 -2.38105 -0.170552 -2.35893 -0.236783
3.41624 2.92433 -0.143891 -1.85501 0.267141
3.41624 2.92433 -0.143891 -2.22383 -0.101683
3.71592 -0.258898 0.14023 -2.07928 0.0428744
3.41624 2.92433 -0.143891 -1.85501 0.267141
4.11162 -0.258898 0.515377 -1.88946 0.23269
3.97584 3.9854 0.386647 -2.01713 0.105021
4.04373 1.86325 0.451012 -2.10697 0.0151788
3.41624 2.92433 -0.143891 -1.91648 0.20567
4.67123 0.802178 1.04591 -1.00658 1.11557
2.69273 0.802178 -0.829819 -2.14007 -0.0179208
2.66461 -4.5032 -0.85648 -2.52105 -0.398904
3.55202 -1.31997 -0.0151606 -2.03469 0.0874575
3.25233 1.86325 -0.299282 -2.05631 0.0658414
3.87983 0.802178 0.295621 -1.75504 0.367115
4.50732 -0.258898 0.890524 -1.76112 0.361036
2.85663 1.86325 -0.674428 -2.3076 -0.185445
3.15632 -1.31997 -0.390307 -1.85569 0.266465
3.38811 -2.38105 -0.170552 -1.99011 0.132041
3.08843 0.802178 -0.454672 -2.0732 0.0489539
3.41624 2.92433 -0.143891 -2.10089 0.0212583
3.71592 -0.258898 0.14023 -1.77192 0.350228
4.11162 -0.258898 0.515377 -1.82799 0.294161
2.76062 -1.31997 -0.765454 -2.16844 -0.0462919
3.78381 -2.38105 0.204595 -1.98471 0.137445
3.41624 2.92433 -0.143891 -1.42472 0.697435
3.41624 2.92433 -0.143891 -2.10089 0.0212583
4.04373 1.86325 0.451012 -2.16844 -0.0462919
3.02054 2.92433 -0.519038 -1.98336 0.138796
3.32022 -0.258898 -0.234917 -2.14615 -0.0240003
3.02054 2.92433 -0.519038 -2.1063 0.0158543
3.08843 0.802178 -0.454672 -2.13467 -0.0125168
3.61991 -3.44212 0.0492044 -1.87865 0.243498
3.22421 -3.44212 -0.325942 -1.94553 0.176624
3.64803 1.86325 0.0758653 -2.11238 0.00977478
4.17951 -2.38105 0.579742 -1.61048 0.511673
3.71592 -0.258898 0.14023 -2.14075 -0.0185963
2.85663 1.86325 -0.674428 -1.93877 0.183379
3.58014 3.9854 0.0115003 -1.65371 0.46844
4.04373 1.86325 0.451012 -1.79962 0.322532
3.94772 -1.31997 0.359986 -1.90635 0.215803
3.78381 -2.38105 0.204595 -1.73882 0.383327
3.25233 1.86325 -0.299282 -1.81043 0.311724
3.41624 2.92433 -0.143891 -1.48619 0.635965
3.22421 -3.44212 -0.325942 -2.007 0.115153
3.25233 1.86325 -0.299282 -1.99484 0.127312
4.43943 1.86325 0.826159 -1.73274 0.389407
2.66461 -4.5032 -0.85648 -2.52105 -0.398904
3.71592 -0.258898 0.14023 -1.89486 0.227286
2.66461 -4.5032 -0.85648 -2.09076 0.0313908
3.87983 0.802178 0.295621 -1.75504 0.367115
3.64803 1.86325 0.0758653 -2.05091 0.0712454
4.04373 1.86325 0.451012 -1.67668 0.445473
3.15632 -1.31997 -0.390307 -2.16304 -0.0408878
3.02054 2.92433 -0.519038 -1.73747 0.384678
3.94772 -1.31997 0.359986 -1.90635 0.215803
2.69273 0.802178 -0.829819 -2.38595 -0.263803
3.94772 -1.31997 0.359986 -2.02929 0.0928615
3.06031 -4.5032 -0.481333 -2.08536 0.0367948
3.41624 2.92433 -0.143891 -2.10089 0.0212583
3.64803 1.86325 0.0758653 -2.17385 -0.0516959
3.81194 2.92433 0.231256 -1.72666 0.395486
3.87983 0.802178 0.295621 -1.93945 0.182703
3.71592 -0.258898 0.14023 -1.89486 0.227286
3.78381 -2.38105 0.204595 -2.16912 -0.0469674
3.81194 2.92433 0.231256 -2.09549 0.0266623
3.81194 2.92433 0.231256 -2.15696 -0.0348083
4.34342 -1.31997 0.735133 -1.778 0.344148
3.25233 1.86325 -0.299282 -1.81043 0.311724
4.27553 0.802178 0.670768 -1.44228 0.679872
3.38811 -2.38105 -0.170552 -1.92864 0.193511
3.48413 0.802178 -0.0795256 -2.12926 -0.00711276
3.94772 -1.31997 0.359986 -2.02929 0.0928615
2.82851 -3.44212 -0.701089 -2.13534 -0.0131923
3.81194 2.92433 0.231256 -2.21843 -0.096279
4.20764 2.92433 0.606403 -2.09008 0.0320663
3.97584 3.9854 0.386647 -1.70978 0.412374
3.38811 -2.38105 -0.170552 -2.23599 -0.113842
2.62484 2.92433 -0.894184 -1.98876 0.133392
3.02054 2.92433 -0.519038 -2.1063 0.0158543
4.20764 2.92433 0.606403 -1.59832 0.523832
3.87983 0.802178 0.295621 -1.87798 0.244174
3.81194 2.92433 0.231256 -1.48078 0.641369
3.61991 -3.44212 0.0492044 -1.94012 0.182028
3.48413 0.802178 -0.0795256 -2.00632 0.115829
3.61991 -3.44212 0.0492044 -1.94012 0.182028
2.26891 -4.5032 -1.23163 -2.52646 -0.404308
2.69273 0.802178 -0.829819 -2.26301 -0.140862
2.06523 1.86325 -1.42472 -2.44135 -0.319195
3.38811 -2.38105 -0.170552 -1.8057 0.316453
3.41624 2.92433 -0.143891 -2.22383 -0.101683
3.38811 -2.38105 -0.170552 -1.8057 0.316453
4.34342 -1.31997 0.735133 -1.59359 0.52856
3.32022 -0.258898 -0.234917 -2.20762 -0.085471
2.66461 -4.5032 -0.85648 -2.27517 -0.153021
2.66461 -4.5032 -0.85648 -2.15223 -0.0300798
3.61991 -3.44212 0.0492044 -1.87865 0.243498
4.99904 2.92433 1.3567 -1.4031 0.719052
3.78381 -2.38105 0.204595 -2.23059 -0.108438
3.87983 0.802178 0.295621 -1.81651 0.305645
3.58014 3.9854 0.0115003 -1.71518 0.40697
4.20764 2.92433 0.606403 -1.72126 0.40089
4.50732 -0.258898 0.890524 -1.5767 0.545448
3.22421 -3.44212 -0.325942 -1.88406 0.238094
3.55202 -1.31997 -0.0151606 -1.78881 0.33334
2.66461 -4.5032 -0.85648 -2.33664 -0.214492
3.48413 0.802178 -0.0795256 -2.19073 -0.0685834
3.02054 2.92433 -0.519038 -1.98336 0.138796
4.27553 0.802178 0.670768 -1.56522 0.556931
3.02054 2.92433 -0.519038 -1.98336 0.138796
3.48413 0.802178 -0.0795256 -2.00632 0.115829
3.61991 -3.44212 0.0492044 -1.87865 0.243498
3.58014 3.9854 0.0115003 -1.71518 0.40697
2.46093 1.86325 -1.04958 -2.19006 -0.0679079
3.78381 -2.38105 0.204595 -2.04618 0.0759739
4.17951 -2.38105 0.579742 -1.79489 0.327261
3.15632 -1.31997 -0.390307 -2.34745 -0.2253
3.87983 0.802178 0.295621 -2.00092 0.121233
3.71592 -0.258898 0.14023 -2.01781 0.104345
3.81194 2.92433 0.231256 -1.72666 0.395486
4.60334 2.92433 0.98155 -1.22409 0.898059
3.06031 -4.5032 -0.481333 -2.08536 0.0367948
2.66461 -4.5032 -0.85648 -2.27517 -0.153021
3.02054 2.92433 -0.519038 -2.47512 -0.35297
3.78381 -2.38105 0.204595 -1.86177 0.260386
3.41624 2.92433 -0.143891 -1.6706 0.451553
3.64803 1.86325 0.0758653 -1.55914 0.563011
3.32022 -0.258898 -0.234917 -2.4535 -0.331354
2.66461 -4.5032 -0.85648 -2.39811 -0.275962
4.20764 2.92433 0.606403 -1.72126 0.40089
2.85663 1.86325 -0.674428 -2.55348 -0.431328
3.61991 -3.44212 0.0492044 -1.75571 0.36644
3.58014 3.9854 0.0115003 -1.89959 0.222558
4.04373 1.86325 0.451012 -2.0455 0.0766494
3.71592 -0.258898 0.14023 -1.95634 0.165816
3.81194 2.92433 0.231256 -1.97255 0.149604
3.64803 1.86325 0.0758653 -2.23532 -0.113167
3.38811 -2.38105 -0.170552 -2.11305 0.00909928
3.64803 1.86325 0.0758653 -2.23532 -0.113167
3.22421 -3.44212 -0.325942 -2.06847 0.0536824
3.71592 -0.258898 0.14023 -1.95634 0.165816
4.11162 -0.258898 0.515377 -1.58211 0.540044
3.38811 -2.38105 -0.170552 -2.11305 0.00909928
3.87983 0.802178 0.295621 -1.63209 0.490056
3.58014 3.9854 0.0115003 -1.77665 0.345499
2.46093 1.86325 -1.04958 -2.313 -0.190849
4.50732 -0.258898 0.890524 -1.33082 0.79133
3.94772 -1.31997 0.359986 -1.96782 0.154332
3.58014 3.9854 0.0115003 -1.77665 0.345499
3.41624 2.92433 -0.143891 -1.54766 0.574494
4.60334 2.92433 0.98155 -1.65439 0.467765
4.20764 2.92433 0.606403 -1.90567 0.216478
3.32022 -0.258898 -0.234917 -2.08468 0.0374703
2.85663 1.86325 -0.674428 -2.36907 -0.246916
4.76724 3.9854 1.13694 -1.51456 0.607594
2.76062 -1.31997 -0.765454 -1.98403 0.13812
3.41624 2.92433 -0.143891 -2.22383 -0.101683
3.08843 0.802178 -0.454672 -2.50349 -0.381341
3.06031 -4.5032 -0.481333 -2.14683 -0.0246758
3.48413 0.802178 -0.0795256 -2.00632 0.115829
2.69273 0.802178 -0.829819 -2.14007 -0.0179208
3.25233 1.86325 -0.299282 -2.05631 0.0658414
2.85663 1.86325 -0.674428 -2.06171 0.0604374
2.26891 -4.5032 -1.23163 -2.6494 -0.527249
2.66461 -4.5032 -0.85648 -2.45958 -0.337433
2.46093 1.86325 -1.04958 -2.313 -0.190849
3.81194 2.92433 0.231256 -2.15696 -0.0348083
3.06031 -4.5032 -0.481333 -2.14683 -0.0246758
3.25233 1.86325 -0.299282 -1.93337 0.188783
3.22421 -3.44212 -0.325942 -2.19141 -0.0692589
2.66461 -4.5032 -0.85648 -2.09076 0.0313908
3.78381 -2.38105 0.204595 -1.73882 0.383327
4.67123 0.802178 1.04591 -1.49835 0.623806
3.87983 0.802178 0.295621 -1.87798 0.244174
3.41624 2.92433 -0.143891 -1.60913 0.513024
3.22421 -3.44212 -0.325942 -1.76112 0.361036
3.02054 2.92433 -0.519038 -1.98336 0.138796
4.34342 -1.31997 0.735133 -1.778 0.344148
3.94772 -1.31997 0.359986 -2.02929 0.0928615
3.94772 -1.31997 0.359986 -1.90635 0.215803
3.64803 1.86325 0.0758653 -1.80502 0.317128
4.50732 -0.258898 0.890524 -1.63817 0.483977
4.17951 -2.38105 0.579742 -1.61048 0.511673
4.04373 1.86325 0.451012 -1.4308 0.691356
3.22421 -3.44212 -0.325942 -1.94553 0.176624
2.99242 -2.38105 -0.545698 -2.11846 0.00369526
3.41624 2.92433 -0.143891 -2.46972 -0.347566
3.87983 0.802178 0.295621 -1.87798 0.244174
3.22421 -3.44212 -0.325942 -1.94553 0.176624
2.69273 0.802178 -0.829819 -2.38595 -0.263803
3.78381 -2.38105 0.204595 -1.55441 0.567739
2.85663 1.86325 -0.674428 -2.18466 -0.0625039
3.22421 -3.44212 -0.325942 -1.88406 0.238094
2.29703 0.802178 -1.20497 -2.5143 -0.392149
4.37154 3.9854 0.761794 -1.51996 0.60219
3.25233 1.86325 -0.299282 -1.93337 0.188783
2.46093 1.86325 -1.04958 -2.19006 -0.0679079
3.97584 3.9854 0.386647 -1.89419 0.227962
4.27553 0.802178 0.670768 -1.50375 0.618402
3.41624 2.92433 -0.143891 -1.97795 0.1442
3.78381 -2.38105 0.204595 -1.73882 0.383327
3.64803 1.86325 0.0758653 -1.86649 0.255657
3.81194 2.92433 0.231256 -2.03402 0.088133
3.97584 3.9854 0.386647 -1.40242 0.719727
3.58014 3.9854 0.0115003 -1.65371 0.46844
3.78381 -2.38105 0.204595 -2.16912 -0.0469674
3.38811 -2.38105 -0.170552 -1.92864 0.193511
4.60334 2.92433 0.98155 -1.46997 0.652177
4.04373 1.86325 0.451012 -1.55374 0.568415
3.55202 -1.31997 -0.0151606 -1.78881 0.33334
3.32022 -0.258898 -0.234917 -2.33056 -0.208412
3.58014 3.9854 0.0115003 -1.53077 0.591382
4.17951 -2.38105 0.579742 -1.61048 0.511673
4.43943 1.86325 0.826159 -1.67127 0.450877
2.52882 -0.258898 -0.98521 -2.46431 -0.342162
3.71592 -0.258898 0.14023 -1.71045 0.411698
3.81194 2.92433 0.231256 -1.97255 0.149604
4.20764 2.92433 0.606403 -1.8442 0.277949
3.25233 1.86325 -0.299282 -1.93337 0.188783
3.55202 -1.31997 -0.0151606 -2.34205 -0.219896
4.73912 -1.31997 1.11028 -1.40378 0.718376
3.71592 -0.258898 0.14023 -2.01781 0.104345
3.81194 2.92433 0.231256 -2.09549 0.0266623
3.97584 3.9854 0.386647 -1.83272 0.289432
3.64803 1.86325 0.0758653 -2.17385 -0.0516959
3.22421 -3.44212 -0.325942 -2.007 0.115153
2.85663 1.86325 -0.674428 -2.24613 -0.123975
3.78381 -2.38105 0.204595 -1.73882 0.383327
3.55202 -1.31997 -0.0151606 -2.15763 -0.0354838
3.81194 2.92433 0.231256 -2.09549 0.0266623
3.94772 -1.31997 0.359986 -2.02929 0.0928615
4.11162 -0.258898 0.515377 -1.88946 0.23269
2.62484 2.92433 -0.894184 -2.1117 0.0104503
3.22421 -3.44212 -0.325942 -2.19141 -0.0692589
3.61991 -3.44212 0.0492044 -2.00159 0.120557
3.87983 0.802178 0.295621 -1.57062 0.551527
2.66461 -4.5032 -0.85648 -2.15223 -0.0300798
3.22421 -3.44212 -0.325942 -1.82259 0.299565
3.48413 0.802178 -0.0795256 -2.12926 -0.00711276
4.83513 1.86325 1.20131 -1.41999 0.702164
4.34342 -1.31997 0.735133 -1.59359 0.52856
4.04373 1.86325 0.451012 -2.0455 0.0766494
4.37154 3.9854 0.761794 -1.70437 0.417778
3.02054 2.92433 -0.519038 -2.22924 -0.107087
3.55202 -1.31997 -0.0151606 -1.78881 0.33334
4.17951 -2.38105 0.579742 -1.67195 0.450202
4.60334 2.92433 0.98155 -1.53144 0.590706
3.41624 2.92433 -0.143891 -2.22383 -0.101683
4.83513 1.86325 1.20131 -1.29705 0.825105
4.43943 1.86325 0.826159 -1.67127 0.450877
3.06031 -4.5032 -0.481333 -2.2083 -0.0861465
3.48413 0.802178 -0.0795256 -2.00632 0.115829
3.41624 2.92433 -0.143891 -2.10089 0.0212583
3.41624 2.92433 -0.143891 -2.03942 0.082729
3.78381 -2.38105 0.204595 -2.04618 0.0759739
3.81194 2.92433 0.231256 -2.21843 -0.096279
3.78381 -2.38105 0.204595 -1.55441 0.567739
2.92452 -0.258898 -0.610063 -2.21303 -0.090875
3.78381 -2.38105 0.204595 -2.04618 0.0759739
3.22421 -3.44212 -0.325942 -1.88406 0.238094
4.34342 -1.31997 0.735133 -1.90094 0.221207
4.43943 1.86325 0.826159 -1.36392 0.758231
3.22421 -3.44212 -0.325942 -1.82259 0.299565
3.22421 -3.44212 -0.325942 -2.12994 -0.00778827
4.04373 1.86325 0.451012 -2.29138 -0.169233
3.61991 -3.44212 0.0492044 -1.69424 0.42791
3.71592 -0.258898 0.14023 -2.20222 -0.0800669
3.97584 3.9854 0.386647 -1.64831 0.473844
2.82851 -3.44212 -0.701089 -2.19681 -0.0746629
3.64803 1.86325 0.0758653 -1.68208 0.440069
2.82851 -3.44212 -0.701089 -2.07387 0.0482784
2.82851 -3.44212 -0.701089 -2.07387 0.0482784
3.22421 -3.44212 -0.325942 -1.94553 0.176624
4.17951 -2.38105 0.579742 -1.67195 0.450202
4.76724 3.9854 1.13694 -1.2072 0.914947
3.55202 -1.31997 -0.0151606 -1.6044 0.517752
3.94772 -1.31997 0.359986 -1.90635 0.215803
3.87983 0.802178 0.295621 -1.69357 0.428586
3.78381 -2.38105 0.204595 -1.80029 0.321857
3.81194 2.92433 0.231256 -2.09549 0.0266623
3.71592 -0.258898 0.14023 -1.95634 0.165816
2.52882 -0.258898 -0.98521 -2.34137 -0.21922
3.61991 -3.44212 0.0492044 -2.00159 0.120557
2.59672 -2.38105 -0.920845 -2.49268 -0.370533
3.97584 3.9854 0.386647 -1.77125 0.350903
3.41624 2.92433 -0.143891 -1.73207 0.390082
3.78381 -2.38105 0.204595 -1.73882 0.383327
3.38811 -2.38105 -0.170552 -1.92864 0.193511
4.60334 2.92433 0.98155 -1.53144 0.590706
3.25233 1.86325 -0.299282 -2.05631 0.0658414
2.59672 -2.38105 -0.920845 -2.36974 -0.247591
4.50732 -0.258898 0.890524 -1.51523 0.606918
3.55202 -1.31997 -0.0151606 -2.28058 -0.158425
4.27553 0.802178 0.670768 -1.87257 0.249578
4.04373 1.86325 0.451012 -1.86109 0.261061
3.02054 2.92433 -0.519038 -1.98336 0.138796
3.64803 1.86325 0.0758653 -2.11238 0.00977478
2.76062 -1.31997 -0.765454 -2.72168 -0.599528
3.94772 -1.31997 0.359986 -1.78341 0.338744
3.38811 -2.38105 -0.170552 -2.35893 -0.236783
3.61991 -3.44212 0.0492044 -1.69424 0.42791
4.17951 -2.38105 0.579742 -1.85636 0.26579
4.73912 -1.31997 1.11028 -1.21936 0.902788
3.25233 1.86325 -0.299282 -2.05631 0.0658414
3.02054 2.92433 -0.519038 -2.04483 0.0773249
4.17951 -2.38105 0.579742 -1.91783 0.204319
2.85663 1.86325 -0.674428 -2.06171 0.0604374
2.85663 1.86325 -0.674428 -1.93877 0.183379
2.46093 1.86325 -1.04958 -2.313 -0.190849
3.97584 3.9854 0.386647 -1.95566 0.166491
2.85663 1.86325 -0.674428 -1.93877 0.183379
3.97584 3.9854 0.386647 -1.34095 0.781198
3.41624 2.92433 -0.143891 -2.22383 -0.101683
3.64803 1.86325 0.0758653 -2.29679 -0.174637
3.25233 1.86325 -0.299282 -1.74896 0.373195
3.87983 0.802178 0.295621 -1.63209 0.490056
2.66461 -4.5032 -0.85648 -2.39811 -0.275962
3.25233 1.86325 -0.299282 -2.05631 0.0658414
3.38811 -2.38105 -0.170552 -1.74423 0.377923
3.94772 -1.31997 0.359986 -1.35311 0.769039
3.61991 -3.44212 0.0492044 -1.87865 0.243498
3.41624 2.92433 -0.143891 -1.48619 0.635965
3.64803 1.86325 0.0758653 -1.80502 0.317128
4.43943 1.86325 0.826159 -1.48686 0.635289
3.38811 -2.38105 -0.170552 -1.55982 0.562335
3.32022 -0.258898 -0.234917 -2.20762 -0.085471
2.66461 -4.5032 -0.85648 -2.27517 -0.153021
2.92452 -0.258898 -0.610063 -2.45891 -0.336758
3.08843 0.802178 -0.454672 -2.13467 -0.0125168
3.02054 2.92433 -0.519038 -2.1063 0.0158543
3.41624 2.92433 -0.143891 -1.91648 0.20567
4.34342 -1.31997 0.735133 -1.83947 0.282677
4.67123 0.802178 1.04591 -1.19099 0.931159
4.83513 1.86325 1.20131 -1.29705 0.825105
2.82851 -3.44212 -0.701089 -2.19681 -0.0746629
4.73912 -1.31997 1.11028 -1.03495 1.0872
3.25233 1.86325 -0.299282 -1.68749 0.434665
3.22421 -3.44212 -0.325942 -1.94553 0.176624
3.61991 -3.44212 0.0492044 -1.94012 0.182028
3.94772 -1.31997 0.359986 -1.78341 0.338744
3.64803 1.86325 0.0758653 -2.35826 -0.236108
3.41624 2.92433 -0.143891 -2.03942 0.082729
2.46093 1.86325 -1.04958 -2.68182 -0.559673
3.25233 1.86325 -0.299282 -2.17925 -0.0570999
3.22421 -3.44212 -0.325942 -1.94553 0.176624
3.02054 2.92433 -0.519038 -2.1063 0.0158543
4.60334 2.92433 0.98155 -1.65439 0.467765
2.85663 1.86325 -0.674428 -2.24613 -0.123975
2.99242 -2.38105 -0.545698 -2.11846 0.00369526
3.32022 -0.258898 -0.234917 -1.8388 0.283353
2.82851 -3.44212 -0.701089 -2.0124 0.109749
4.43943 1.86325 0.826159 -1.48686 0.635289
4.20764 2.92433 0.606403 -1.90567 0.216478
3.48413 0.802178 -0.0795256 -1.94485 0.177299
3.08843 0.802178 -0.454672 -1.88879 0.233366
4.11162 -0.258898 0.515377 -1.95093 0.17122
4.43943 1.86325 0.826159 -1.36392 0.758231
2.69273 0.802178 -0.829819 -2.5089 -0.386745
2.99242 -2.38105 -0.545698 -1.99551 0.126637
3.81194 2.92433 0.231256 -1.91108 0.211074
3.81194 2.92433 0.231256 -1.78814 0.334016
3.97584 3.9854 0.386647 -1.77125 0.350903
3.25233 1.86325 -0.299282 -1.8719 0.250253
4.34342 -1.31997 0.735133 -1.53212 0.590031
3.87983 0.802178 0.295621 -1.87798 0.244174
3.78381 -2.38105 0.204595 -1.67735 0.444798
5.06693 0.802178 1.42106 -1.37 0.752151
4.43943 1.86325 0.826159 -1.54833 0.573819
3.02054 2.92433 -0.519038 -2.22924 -0.107087
2.85663 1.86325 -0.674428 -1.93877 0.183379
3.97584 3.9854 0.386647 -1.89419 0.227962
2.69273 0.802178 -0.829819 -2.14007 -0.0179208
2.76062 -1.31997 -0.765454 -2.66021 -0.538057
3.71592 -0.258898 0.14023 -1.95634 0.165816
3.08843 0.802178 -0.454672 -2.01173 0.110425
4.43943 1.86325 0.826159 -1.42539 0.69676
3.02054 2.92433 -0.519038 -2.1063 0.0158543
2.43281 -3.44212 -1.07624 -2.20222 -0.0800669
3.55202 -1.31997 -0.0151606 -2.15763 -0.0354838
3.81194 2.92433 0.231256 -1.97255 0.149604
3.58014 3.9854 0.0115003 -1.53077 0.591382
3.64803 1.86325 0.0758653 -2.11238 0.00977478
3.15632 -1.31997 -0.390307 -2.28598 -0.163829
3.08843 0.802178 -0.454672 -2.13467 -0.0125168
4.17951 -2.38105 0.579742 -1.67195 0.450202
4.67123 0.802178 1.04591 -1.3754 0.746747
